processes/output/BIMAC_interpolation.asc
NCOLS 49 
NROWS 37 
XLLCORNER -0.25 
YLLCORNER 34.75 
CELLSIZE 0.25 
NODATA_value -9999 
[rows 0 to 25 of 37, columns 0 to 48 of 49]
-9999.000000000000000 -9999 -9999 -9999 -9999 -9999 -9999 -9999 -9999 -9999 -9999 -9999 -9999 -9999 -9999 -9999 -9999 -9999 -9999 -9999 -9999 -9999 -9999 -9999 -9999 -9999 -9999 -9999 -9999 -9999 -9999 -9999 -9999 -9999 13.5334810410538 13.5479550639936 13.554926223321 13.531608700556 13.5252471827646 13.5280808492924 13.5219379115423 13.5237674784974 -9999 -9999 -9999 -9999 -9999 -9999 -9999
-9999 -9999 -9999 -9999 -9999 -9999 -9999 -9999 -9999 -9999 -9999 -9999 -9999 -9999 -9999 -9999 -9999 -9999 -9999 -9999 -9999 -9999 -9999 -9999 -9999 -9999 -9999 -9999 -9999 -9999 13.461902746958 13.4488820812404 13.4385625833983 13.4802875725836 13.5313568367821 13.5462666164496 13.5415132279136 13.515969100113 13.5059957635893 13.5143670037611 13.5342542646789 13.5303030660353 -9999 -9999 -9999 -9999 -9999 -9999 -9999
-9999 -9999 -9999 -9999 -9999 -9999 -9999 -9999 -9999 -9999 -9999 -9999 -9999 -9999 -9999 -9999 13.3750081718671 13.3765760546463 13.3893698740196 13.3781557274929 13.3711424503148 -9999 -9999 -9999 -9999 -9999 -9999 -9999 13.4083611501325 13.4327368249843 13.4441522207573 13.4519314783451 13.4541178715674 13.4777338759321 13.5228254820531 13.5361732690368 13.5181312819803 13.4939857521591 13.4926927608728 13.5205830827573 13.5298158704903 13.555853518265 13.5301347938682 -9999 -9999 -9999 -9999 -9999 -9999
-9999 -9999 -9999 -9999 -9999 -9999 -9999 -9999 -9999 -9999 -9999 -9999 -9999 -9999 13.4076278659353 13.3925375242618 13.3582431901989 13.3580914831597 13.3507874286482 13.3580199238968 13.320960045772 13.3395243440858 13.3672148314462 13.3879552912324 -9999 -9999 -9999 13.4206663301514 13.4134156534862 13.4060444996021 13.4445488536049 13.4605506875791 13.4480655421831 13.4615967620197 13.4900947223105 13.5073806256466 13.4751513023769 13.4616142039973 13.4931220218559 13.5296987073562 13.5443072735565 13.5444218678305 13.557467349936 -9999 -9999 -9999 -9999 -9999 -9999
-9999 -9999 -9999 -9999 -9999 -9999 -9999 -9999 -9999 -9999 -9999 -9999 -9999 13.3763003164857 13.3715060343965 13.3665872684265 13.3389038461169 13.3273640228303 13.3273384403078 13.3231804684094 13.33261280934 13.3423161772895 13.3649484120221 13.3690689684672 13.3844500617411 13.4133219619147 13.4422926265492 13.4082635706829 13.3825418626161 13.4017800726319 13.4271419462932 13.4358652404597 13.4172612713016 13.4384265721858 13.4684650892857 13.4849746647991 13.463867392584 13.4643063532059 -9999 13.5465283449346 13.5334230562628 13.5413854547713 13.5533439204082 13.5756773642944 -9999 -9999 -9999 -9999 -9999
-9999 -9999 -9999 -9999 -9999 -9999 -9999 -9999 -9999 -9999 -9999 -9999 -9999 13.3579887216691 13.3536576458578 13.3469383793571 13.3322238349542 13.3427894665696 13.3390585614456 13.3492564425021 13.3588226266826 13.3840650007896 13.3763847150382 13.3679678559473 13.3791247303746 13.3863653390038 13.3974379187095 13.380382626146 13.3814628903855 13.3901109542414 13.4112484481145 13.4192480601117 13.4114452925367 13.4522516388915 13.4729787597803 13.4929452878593 -9999 -9999 -9999 13.5257164947988 13.5159843730207 13.5287987819068 13.5573454887598 13.5514908003477 13.5252713834033 -9999 -9999 -9999 -9999
-9999 -9999 -9999 -9999 -9999 -9999 -9999 -9999 -9999 -9999 -9999 -9999 -9999 -9999 13.343007640952 13.3235844780735 13.3352202158548 13.3537493135741 13.3625059935245 13.3737181301965 13.3764363484282 13.3882682674248 13.3985871756364 13.3919778937401 13.3773307954178 13.3559487033168 13.3769195189448 13.3796849476725 13.387600681489 13.3958634612074 13.406989794554 13.4100636242219 13.432321435921 13.4625781889753 13.4895628531971 -9999 -9999 -9999 -9999 13.4879446459411 13.5123564266267 13.5167755814968 13.5304995260294 13.5152183822097 13.4984946975559 13.484383532209 13.4790794655807 -9999 -9999
-9999 -9999 -9999 -9999 -9999 -9999 -9999 -9999 -9999 -9999 -9999 -9999 -9999 -9999 13.314150720232 13.3186717628873 13.3238857630396 13.3648484784793 13.3829719254014 13.3880004348157 13.3794072876125 13.3923380811515 13.4072303747738 13.4141267615177 13.3987433242023 13.3773508262614 13.3731008460431 13.3680027640503 13.382977812647 13.3969375392159 13.4008126238289 13.4259603002817 13.4292489469921 13.483170659495 13.4669421912131 13.4782402056851 -9999 -9999 -9999 13.5087639293919 13.5035546682752 13.513168213447 13.5080475925317 13.5065829469891 13.5037277904708 13.512542007829 13.5108477622826 13.5025166664629 -9999
-9999 -9999 -9999 -9999 -9999 -9999 -9999 -9999 -9999 -9999 -9999 -9999 -9999 -9999 13.3134780695411 13.3003783650555 13.3314248139393 13.3616838460821 13.3874317752727 13.3694956793245 13.3704031422855 13.3764303549055 13.3929216500338 13.4102629464497 13.4255175527325 13.3886777552942 13.3552897604552 13.3663678901488 13.3831501991458 13.4106664774824 13.4144272015664 13.4165795538446 13.4430314781291 13.4402108355495 13.4521990433948 13.4335300029973 -9999 -9999 -9999 13.5074468865794 13.5043048192031 13.4855184857768 13.5085515998358 13.5148197088381 13.5296146463074 13.5361000510809 13.5286910172493 13.5296872799225 13.5306402533799
-9999 -9999 -9999 -9999 -9999 -9999 -9999 -9999 -9999 -9999 -9999 -9999 13.2769533675229 13.3037931343268 13.2927384120737 13.2959414515613 13.3293749614632 13.3652684764306 13.3525595107018 13.3591891827401 13.3697374374406 13.3732850820922 13.3860446202446 13.3991718787074 13.4161835369629 13.378822594894 13.3745248597258 13.3634778137316 13.4005590313337 13.4107502119091 13.4010952586117 13.4121747758929 13.4080021398285 13.4258917522901 13.4150208323509 13.4516657849539 -9999 -9999 13.5523274681013 13.5188945909883 13.4676279001288 13.4862212325385 13.5056352448757 13.5269895064777 13.5252099230103 13.5268402669172 13.5154522789127 13.5225729104187 13.525023806652
-9999 -9999 -9999 -9999 -9999 -9999 -9999 -9999 -9999 -9999 13.279377543446 13.2715122532134 13.2812590028499 13.2906399956092 13.309058357593 13.3163450141892 13.3486288371466 13.3523092806091 13.3435145855454 13.342442930903 13.3742854102767 13.3725596985015 13.3737819776464 13.3775102624345 13.3699984171635 13.3758578948816 13.3683985746705 13.4106918209331 13.4136517466321 13.426063457073 13.4093338337231 13.4160386139768 13.4007605806184 13.3899914680635 13.4027765823959 13.4225740026435 13.479118905806 -9999 13.5625338621859 13.5152308315155 13.4791455299661 13.4679059163366 13.4998530536481 13.5052605699521 13.5175642964889 13.5089332261445 13.5146871200494 13.5079283389475 13.5142347985287
-9999 -9999 -9999 -9999 -9999 -9999 13.3138445281506 13.3170989631924 13.3402711630466 13.3126947302576 13.2934087777349 13.295854465935 13.2925135703631 13.3052284511438 13.3107375088677 13.3225480940895 13.326974464722 13.3339775081189 13.3441610935051 13.3652928321038 13.3800639441266 13.3853066389806 13.3883758536925 13.3764717012841 13.3988751464717 13.3778359065042 13.4173060095946 13.4301885140119 13.4469209890564 13.4185620052059 13.394742346127 13.3993883305891 13.4017379125769 13.3957466487434 13.3933764801527 13.4398905735204 13.4666902240905 -9999 -9999 13.5369538554469 13.5116383416809 13.4977960595599 13.4999012374656 13.5154649161767 13.5122361270057 13.5021506158289 13.483530425602 13.4820372631865 13.4937702883387
-9999 -9999 -9999 -9999 13.4249688133279 13.3742344431329 13.3285328272754 13.3250397488204 13.3252885206065 13.3121492411505 13.2937910244952 13.3090795712408 13.3345179591759 13.3297122658737 13.3131722994795 13.3136057250061 13.3014236478264 13.3191205016607 13.3396172458596 13.360615058551 13.3675776168071 13.3710966574679 13.3940536753905 13.4023690801324 13.411330702933 13.4157232832987 13.4205344197136 13.4688770342041 13.4620846938777 13.4507401410242 13.4192442849695 13.4224741352154 13.4061652243637 13.4018478036479 13.4051795048385 -9999 -9999 -9999 -9999 -9999 13.5534504383425 13.5319643862058 13.5192995008292 13.5176468468871 13.5181519916456 13.4830829602667 13.4818444483337 13.4770103077205 13.476188170882
-9999 -9999 -9999 -9999 13.417648795968 13.3916758430412 13.3329221274339 13.3065045891037 13.2992062502547 13.3154881738325 13.3061918502862 13.3120787715874 13.3216021967533 13.2889686936236 13.2753762697152 13.2647149453278 13.2969807411067 13.3310487422789 13.3482689248755 13.3738998787773 13.3700315627165 13.3887742985061 13.4034985712541 13.4253795163977 13.4375024870754 13.4296066689843 13.4214775098093 13.4256679472616 13.4441634047558 13.4621011686839 13.4530874625559 13.4385525872131 13.4193479787815 13.4286153596645 -9999 -9999 -9999 -9999 -9999 -9999 13.5270484640558 13.5278491010498 13.5344458533123 13.5252280762246 13.4937457344949 13.4794220811075 13.4915637309501 13.4977963356349 13.4905492632389
-9999 -9999 -9999 13.4346061179666 13.4221709585013 13.3899247268114 13.3541604333423 13.3020742562389 13.3126264086429 13.3369277336442 13.3344854384984 13.3161572956441 13.3029562744068 13.2856712631257 13.2742546512374 13.3010498704088 13.323665988835 13.3448590624771 13.3724666254394 13.3759936876835 13.390374151402 13.3851431788742 13.4085811429154 13.4164714165516 13.4356925266605 13.4356151091708 13.4335659870493 13.3943536475772 13.4212303910177 13.4491331980273 13.4582318744055 13.4437949110816 13.4652952403748 13.4732568633724 13.4800690072002 -9999 -9999 -9999 -9999 -9999 13.47353324778 13.5097799316907 13.5452102688256 13.5345931514798 13.5137884599769 13.5226228423641 13.5323810787254 13.5290437119876 13.5246841205895
-9999 -9999 13.4553147603758 13.4340608561658 13.4344856982069 13.4194179692984 13.3939442314572 13.3699030014767 13.3576276857869 13.3716288035933 13.3751649830011 13.3576635446364 13.3284988640468 13.3043778378748 13.3208677037604 13.3363538576157 13.3516533487732 -9999 13.4158983083799 13.442586580155 13.4208720087512 13.4263000271515 13.4163076368493 13.4337338092133 13.4410385619739 13.4464303032555 13.4179093030659 13.4195894725854 13.4035936514137 13.4293217866714 13.4441369712374 13.4855975482988 13.5083284713202 13.52232530553 13.5301673887224 -9999 -9999 -9999 -9999 -9999 13.4673117645322 13.5169414890975 13.540734895518 13.5417156732615 13.538637225997 13.5433090449953 13.5424511575098 13.5391941168524 13.5352245763849
-9999 13.4751643047677 13.4507127153647 13.4268205976831 13.4316784032017 13.4597433759974 13.4604551341884 13.4303325196166 13.4077119507572 13.4128864241518 13.4170351406583 13.400995762013 13.3804929699883 13.3558654215582 13.3695425065265 13.3857368300466 -9999 -9999 13.4932167772734 13.4820098676754 13.5060600006098 13.4571635628002 13.4561980221739 13.4342420658432 13.4532631207535 13.4442750753719 13.4472879798633 13.4309775695608 13.4415081668036 13.4292480250798 13.4620444275955 13.4787799118103 13.538312845326 13.5666051064571 13.5853242370643 -9999 -9999 -9999 -9999 -9999 13.5019809864947 13.525439928556 13.530851608853 13.5228624825114 13.5274063194031 13.5364955385199 13.5068545869763 13.5090056417736 13.5319723701608
13.4896892939588 13.4973219696288 13.4838136055005 13.4531067932559 13.4681429499532 13.479325145914 13.4797740520778 13.4543607965489 13.4493405955769 13.4532455088897 13.4677557732957 -9999 -9999 -9999 -9999 13.4188117289392 13.4640893354844 13.5219393282195 13.516691048098 13.5232569772285 13.5372593705577 13.5326396634051 13.5062177525744 13.4787978702427 13.4750255380894 13.4676347412438 13.4625755048234 13.4486838449064 13.4542979989926 13.4935002770883 13.5064575703448 13.5368378680507 13.5961411115804 13.6627268760964 13.6769483848143 -9999 -9999 -9999 -9999 -9999 13.5452097616417 13.5337818650389 13.4965514963096 13.485522388912 13.5079887116705 13.5081137422758 13.5041066393201 13.5202938235535 13.5542721884892
13.5074955498167 13.5184669147546 13.5096860096065 13.504325726839 13.4968923369301 13.4676584240386 13.4357913728248 13.4440457112453 13.4675200263833 13.4865102769238 13.5043401781238 13.5424341587876 -9999 -9999 13.4293873974211 13.4673667339877 13.4891689656211 13.5322279994362 13.5318024116076 13.4928257034441 13.5335594054784 13.5450359927675 13.5442069127478 13.4913658173373 13.4759350402212 13.4862128008225 13.4955927357254 13.4936185981836 13.5147718668295 13.5448048211352 13.5947193548031 13.6495230628704 13.701812586715 13.7313267672352 13.7564186157696 -9999 -9999 -9999 -9999 13.621028504072 13.594882184921 13.5254064845996 13.4862249030908 13.4830916507162 13.4947348419889 13.5030885326384 13.5150974494771 13.5408453768061 13.5549455115771
13.5622674054738 13.5373294218494 13.5357338735161 13.5536425154888 13.5460179958415 13.4947899152112 13.4518676359049 13.4645559775693 13.5298730473912 13.5192791366404 13.5676271971882 13.5970539104896 13.6093154436911 13.5588009649691 13.5088125378126 13.4655489073879 13.5377028481049 13.5645515204611 13.5334163813078 13.5000917878402 13.5376840256251 13.5449922925072 13.5553663800711 13.5215569856298 13.5211520780492 13.5244613056286 13.5523988522768 13.5729261036708 13.5959775340135 13.6603386882515 13.7387813447051 13.7862625649183 13.820256336847 13.8191477667907 -9999 -9999 -9999 13.7356570714497 13.7041641169786 13.6753713217823 13.6091981613837 13.5396833365717 13.5212216000875 13.5056785509869 13.504155239434 13.514613984569 13.5352693274672 13.5272183573411 13.5320407772891
-9999 -9999 13.5305106025719 13.5680509748596 13.5713506550828 13.5456151109701 -9999 13.5458178546722 13.5733190025895 13.5979844322894 13.6217179023346 13.6327659003815 13.6234065709734 13.5843015387733 13.5166634128438 13.5502372312297 13.538377443484 13.5763782226389 13.5304017065766 13.5211671625602 13.5494821821948 13.56753600671 13.547164608483 13.5410287584621 13.5702999227352 13.604534284941 13.6304804992619 13.6493863033775 13.6992182835817 13.7532123347985 13.8092737186294 13.8431439574313 13.8396201634137 13.8483682779751 13.8466488417977 13.8523933733976 13.7973214326717 13.7659330625051 13.7523189817888 13.7023811203739 13.6332265499074 13.5678423416557 13.5594030839617 13.5319070312758 13.5410290345369 13.540883443112 13.5518872507375 13.5148889922049 13.4973362792654
-9999 13.5422279671412 13.5642279341971 13.5731172265222 13.5767335180828 13.5943986806971 13.6262707208207 13.6587383352595 13.6830890536281 13.6651126992472 13.6891977398768 13.691900842725 13.6680847191223 13.6134988544813 13.5710898366637 13.5659721815863 13.587973310949 13.5347278377343 13.5160249408029 13.5301656346301 13.5781823920293 13.592014058667 13.5827214653696 13.6174645989378 13.668995620969 13.7183511963427 13.7322043317853 13.7593377617723 13.779159494093 13.8051320690398 13.8338894716824 13.834998552408 13.8409425044091 13.8427760022354 13.8438261997609 13.8353036612314 13.8128895966285 13.7926872210673 13.7686366832451 13.7187936233365 13.6570431077205 13.6115213937707 13.5791795474497 13.5501764827068 13.5416790855151 13.5571527699171 13.5447669786023 13.5191640191005 13.5109229220323
13.5422121102464 13.5521940903852 13.5361235690102 13.5546001062805 13.5594323263329 13.5806466262739 13.6477201804392 13.6945784670079 13.7065938694493 13.697748687896 13.7099947135513 13.7130449293564 13.7104468550611 13.6238265554864 13.6094809826601 13.5984631214408 13.5753784611938 13.538979328721 13.5119888334016 13.5566479674003 13.6082853355448 13.6298583705091 13.6426677297864 13.6749916216382 13.7167618152072 13.761330099097 13.8030968185975 13.8137599530698 13.8192918677728 13.8207082892934 13.8387501504605 13.8590243176721 13.8577313986251 13.8583418459536 13.8407849281876 13.8410666900575 13.8304030869722 13.8219988775583 13.7876966069152 13.7337792228357 13.6803792721371 13.64190104818 13.6140287627073 13.5739477130489 13.5793087470802 13.5614083024282 13.5664083535516 13.5415839023287 13.5380911441593
13.5647509974367 13.5440066081186 13.5345864928682 13.5344147578122 13.5516411706725 13.605316844707 13.6893207990651 13.7517829808195 13.7653568573719 13.7337137740086 13.7390836874997 13.7470333710219 13.708298329512 13.6834753107781 13.6419594466694 13.6260830906129 13.5891122790805 13.560461019972 13.5763069584313 13.6017001648598 13.6146870925485 13.6604627177903 13.685846645859 13.7104249816802 13.7255329645219 13.7918214093453 13.8399309112518 13.8450906639207 13.8419018644811 13.8402401691811 13.8725636734643 13.9037476697956 13.9168522628229 13.8796555800829 13.8591820017602 13.8561048612871 13.8341122872945 13.8323417029592 13.7919546218642 13.7439870636806 13.6896399022892 13.6641633006304 13.6292990234071 13.6088715773209 13.5821148534787 13.5754022285412 13.5527668564914 13.5469162926859 13.5354004689949
13.5646625453163 13.5441338736385 13.5564103890654 13.5394214546603 13.5659004667979 13.6055555848168 13.705530491876 13.7618705153931 13.771072101627 13.7548532658807 13.7572592879715 13.7299432997057 13.714951138006 13.6735733363669 13.6865126097334 13.6512811915508 13.6479464538765 13.6125352163507 13.6249805376745 13.6417430014618 13.6544654997148 13.6672748606623 13.6972295765938 13.7042716512764 13.7305857664647 13.8023583614047 13.8660530890421 13.8749378495054 13.8721712345023 13.8636950194833 13.9088896579055 13.9505586499482 13.9435703434703 13.9030645508102 13.8841515111669 13.8595802231888 13.8413800234324 13.8369979144536 13.811778913392 13.7632698883911 13.7275328155416 13.6953408153728 13.6692924804308 13.6431765796781 13.6280990472742 13.5959051194993 13.5879151030249 13.5519247267616 13.5341534371774
13.5637072380164 13.5691238724616 13.5868006753056 13.5673683882676 13.5840289580237 13.6230246632691 13.7258381060281 13.7562676485783 13.7698708634401 13.7563320084633 13.7628848817649 13.7487410769954 13.736764031915 13.7196523891784 13.7117109932543 13.7150495953469 13.6798178332056 13.6568824793524 13.653781781113 13.6624227378274 13.6798930343877 13.6765139895353 13.6927837250027 13.7078456671685 13.7365359982734 13.8065137356909 13.8643087796582 13.8890238342383 13.8845548471387 13.904753378159 13.9349086376706 13.9293572901087 13.9404664552156 13.9153312017177 13.8972988831605 13.8695787379406 13.8623139978573 13.8354185803999 13.8161278210314 13.7763107187559 13.7468192579943 13.713608961058 13.6756882705331 13.6541452090792 13.6240184475803 13.6028954938231 13.5774851189852 13.5743498071256 13.556476267289
