www/BIMAC_interpolation_sd.asc
NCOLS 49 
NROWS 37 
XLLCORNER -0.25 
YLLCORNER 34.75 
CELLSIZE 0.25 
NODATA_value -9999 
[rows 0 to 24 of 37, columns 0 to 48 of 49]
-9999.000000000000000 -9999 -9999 -9999 -9999 -9999 -9999 -9999 -9999 -9999 -9999 -9999 -9999 -9999 -9999 -9999 -9999 -9999 -9999 -9999 -9999 -9999 -9999 -9999 -9999 -9999 -9999 -9999 -9999 -9999 -9999 -9999 -9999 -9999 0.27814136164694 0.257430160767033 0.255139202870002 0.25987590239123 0.240330604380693 0.214243658487096 0.206947490056366 0.23724630323551 -9999 -9999 -9999 -9999 -9999 -9999 -9999
-9999 -9999 -9999 -9999 -9999 -9999 -9999 -9999 -9999 -9999 -9999 -9999 -9999 -9999 -9999 -9999 -9999 -9999 -9999 -9999 -9999 -9999 -9999 -9999 -9999 -9999 -9999 -9999 -9999 -9999 0.219707270465254 0.237120345530978 0.24646186757759 0.28903250474638 0.287253732132839 0.265954942473549 0.248699578313947 0.254021218677139 0.245086135757333 0.227754810080978 0.224673632867151 0.235963564560697 -9999 -9999 -9999 -9999 -9999 -9999 -9999
-9999 -9999 -9999 -9999 -9999 -9999 -9999 -9999 -9999 -9999 -9999 -9999 -9999 -9999 -9999 -9999 0.243569520762023 0.245310259655977 0.274578726338764 0.274289364686662 0.242946326748317 -9999 -9999 -9999 -9999 -9999 -9999 -9999 0.220287807175195 0.201829306672518 0.219876216312727 0.226968029045319 0.251373934248437 0.272939651391297 0.290140156155859 0.265863758305783 0.253247182184993 0.258805716538726 0.252404734555576 0.253199771303086 0.246582584505043 0.252932247538122 0.24182899878927 -9999 -9999 -9999 -9999 -9999 -9999
-9999 -9999 -9999 -9999 -9999 -9999 -9999 -9999 -9999 -9999 -9999 -9999 -9999 -9999 0.272820382603194 0.259960004775366 0.234178321931371 0.223195550749138 0.241931491937337 0.23818606379205 0.208055755547655 0.193097286319345 0.23085868414981 0.243920200987755 -9999 -9999 -9999 0.250875931443144 0.225074954371813 0.205454811240581 0.216586163951178 0.230784445128019 0.241574360893376 0.258798161744487 0.263541159976447 0.246923459045209 0.252446731237401 0.256843786485925 0.268314030275494 0.278780808955287 0.273216411018462 0.262026384128195 0.260425544550161 -9999 -9999 -9999 -9999 -9999 -9999
-9999 -9999 -9999 -9999 -9999 -9999 -9999 -9999 -9999 -9999 -9999 -9999 -9999 0.22795035270045 0.246939740723511 0.244145121578751 0.217755394528265 0.213886015837777 0.21809067310332 0.217053677774413 0.198143092281019 0.205947809305835 0.220040243448028 0.240758096386413 0.247246268509897 0.25932584835258 0.260947206255877 0.234790761905566 0.224004935719928 0.221835941372597 0.230294444141758 0.221686595133527 0.230549006982715 0.245407186847426 0.25477823052534 0.24916094406343 0.242266747040987 0.261198809593416 -9999 0.285837283995187 0.268195447217597 0.258357339446766 0.252138510002806 0.280701952500562 -9999 -9999 -9999 -9999 -9999
-9999 -9999 -9999 -9999 -9999 -9999 -9999 -9999 -9999 -9999 -9999 -9999 -9999 0.216404020923429 0.222190720988415 0.218389467115388 0.212928614037162 0.213535853841733 0.23451152493302 0.237274759509833 0.236584987810187 0.230189631156532 0.223472072618527 0.218141979891812 0.233841380656775 0.237872424910328 0.241996303680711 0.225211296318278 0.230323414424993 0.221230510282866 0.232812813397329 0.221702174067791 0.220528546443095 0.236810542868548 0.263212281982768 0.246615093477964 -9999 -9999 -9999 0.274801100120689 0.274686195173229 0.264573694868148 0.26251109509447 0.276054570853238 0.291347874344754 -9999 -9999 -9999 -9999
-9999 -9999 -9999 -9999 -9999 -9999 -9999 -9999 -9999 -9999 -9999 -9999 -9999 -9999 0.215608418781683 0.213814608990082 0.207257511665918 0.243353524108409 0.251415758337232 0.279118263959479 0.271088846126542 0.269799213614129 0.231465369439206 0.22798219026672 0.237017181013305 0.223718273865683 0.226600117782283 0.235624814605778 0.243739341296114 0.243555786919461 0.233314037488914 0.228585420676094 0.229010098647126 0.244252221602334 0.253873456131162 -9999 -9999 -9999 -9999 0.261031621088984 0.267462953712521 0.273343833742743 0.2646554898578 0.270514581512869 0.273187248758992 0.274819374401072 0.259712879600282 -9999 -9999
-9999 -9999 -9999 -9999 -9999 -9999 -9999 -9999 -9999 -9999 -9999 -9999 -9999 -9999 0.216322457533679 0.205460150582601 0.221100503064337 0.243701101277849 0.262985399476362 0.266918016607187 0.267779917268122 0.260142946429377 0.247794347733915 0.249326220564464 0.251598504621342 0.244182784553001 0.230477082701399 0.229011353564348 0.250485585497444 0.249596026600217 0.234768412680048 0.231713181341765 0.23684190101766 0.257763834625143 0.248253206116574 0.24609233288314 -9999 -9999 -9999 0.258254499892996 0.273828590947227 0.27805536011739 0.270775998045203 0.280712179869681 0.275950452867379 0.274126580127814 0.262537271899604 0.253534567765487 -9999
-9999 -9999 -9999 -9999 -9999 -9999 -9999 -9999 -9999 -9999 -9999 -9999 -9999 -9999 0.215843488869284 0.209897308407077 0.222455761605993 0.255906073994526 0.251935913921309 0.244550273163085 0.226163499612989 0.234333244908916 0.241265272406254 0.255703590494266 0.267189504420367 0.247989635315065 0.216342319945858 0.218011288299146 0.236459590070374 0.256126763359031 0.237290298325282 0.229637487938392 0.239457636666891 0.256704535703594 0.257902751885319 0.24908660328776 -9999 -9999 -9999 0.268313238264351 0.259788399239181 0.269231070093172 0.283469552930951 0.281121738041068 0.280599167928046 0.266843900343846 0.244088281117149 0.261664416352705 0.281628211309307
-9999 -9999 -9999 -9999 -9999 -9999 -9999 -9999 -9999 -9999 -9999 -9999 0.186146582327754 0.218415419559936 0.206752569258664 0.209614093572995 0.223073539343357 0.252786223466529 0.244914158417453 0.236749670427128 0.237355769006592 0.233162850388303 0.242318591390721 0.253891128000842 0.257161008965553 0.23266356899079 0.219022352648731 0.214123616310124 0.243906140273557 0.251315131221797 0.23386617166798 0.226412311874903 0.222266304217065 0.251552442631076 0.254758026806376 0.266040494964124 -9999 -9999 0.295104250142376 0.276455764755152 0.253879484632623 0.278135725441334 0.291833557691396 0.288034761227173 0.274684717162002 0.269108591187542 0.244652278187585 0.255069087844035 0.283670303596522
-9999 -9999 -9999 -9999 -9999 -9999 -9999 -9999 -9999 -9999 0.202522879951839 0.201109823093147 0.208313395046529 0.217915473135508 0.219189920688454 0.223663069417874 0.233270476406935 0.241078563490983 0.233748859055462 0.245791927125224 0.244808094191786 0.243471024817918 0.243240414752192 0.25604379997401 0.234628525790307 0.225488724816481 0.215883408399507 0.236347033757229 0.238840449807144 0.255178573926823 0.235489763055621 0.222824957274287 0.217825197695306 0.233281663982966 0.253352071218414 0.259203029706471 0.267254122755002 -9999 0.297035326219084 0.262397600504553 0.265732139411921 0.281253252565432 0.284536105640495 0.274939944250874 0.254067993723409 0.249488318066766 0.239705877846786 0.24021421425609 0.243373431878779
-9999 -9999 -9999 -9999 -9999 -9999 0.210021090111329 0.209737553572613 0.246187667436079 0.231026656314002 0.216352889641687 0.218057913796714 0.21960211864396 0.232885553651073 0.209562057559548 0.220221975822085 0.226048890563819 0.2337911564903 0.235714387914566 0.241816632475155 0.237484627488921 0.230344139975507 0.234155669355594 0.23268273340101 0.23522566880332 0.222924834222422 0.232858873772801 0.244616972788261 0.25019500563927 0.237097142252576 0.224738627435292 0.211712843607587 0.206605841967461 0.226782516177166 0.243410378225412 0.267117687243773 0.266942173539141 -9999 -9999 0.27304862312797 0.256410003499482 0.275299170134876 0.274324424904363 0.257548895948989 0.25671106760758 0.256134088958598 0.243477048160117 0.23953361741161 0.234963071267976
-9999 -9999 -9999 -9999 0.270529360970063 0.251106771749579 0.226150851141972 0.223540806882484 0.218932804469026 0.227955088169853 0.21932997736064 0.23049064414271 0.248060574639981 0.250794428769788 0.219709782878303 0.215399999847777 0.208572251234071 0.235662806531319 0.23490336939784 0.240478537913953 0.22689964583148 0.213405218407535 0.202703747294116 0.214501947593834 0.223350320352554 0.230554718133704 0.223950570697635 0.24345410001008 0.245571933553836 0.242852784016884 0.228580196543962 0.225939336923239 0.22680523260722 0.234451037145284 0.258010020355151 -9999 -9999 -9999 -9999 -9999 0.279225142613237 0.275543335607864 0.271020904541416 0.269681553881888 0.264171062021225 0.271235544942351 0.255707409912769 0.255541163804108 0.273487329748361
-9999 -9999 -9999 -9999 0.274601954716504 0.257935679956103 0.229491487935982 0.212576052365478 0.207522188310405 0.217611204079438 0.21809680764364 0.219027636137945 0.236953000770654 0.221845880624373 0.21066765377648 0.185742621510102 0.207802193183317 0.232656749340301 0.243600402487765 0.257837463064059 0.254584987339979 0.238288368838293 0.221038514321165 0.227326591844245 0.239265507831678 0.231134688622828 0.20701328040428 0.220463933897824 0.23386033771537 0.252122066671153 0.247719068048499 0.247366319783258 0.256061454821702 0.276301631425527 -9999 -9999 -9999 -9999 -9999 -9999 0.284071313084754 0.284741282522826 0.276050793060417 0.27523798220173 0.281550445627981 0.282431743255564 0.266368797603059 0.27099970908759 0.284412137535909
-9999 -9999 -9999 0.294543964464982 0.265288362983785 0.238954301251321 0.212700649788559 0.190880802281701 0.213736249164764 0.230803207642575 0.225560045655741 0.214302233716888 0.21619680580493 0.224129765499094 0.192440127101247 0.198803232183957 0.20849757131206 0.223059173176562 0.244775894819063 0.260380240905514 0.265582677344984 0.2473947674501 0.246881602544189 0.250990352395911 0.253452873160696 0.246749858227773 0.214682033738271 0.203708220514911 0.230624830000801 0.263000397824322 0.258115580945966 0.261956238148916 0.291768065921678 0.311282650896944 0.319565058270369 -9999 -9999 -9999 -9999 -9999 0.284303557810856 0.286598156964282 0.296393490680779 0.289832178654462 0.28915497122567 0.286548534621782 0.275460217648603 0.274289687092868 0.287859104772739
-9999 -9999 0.317289841804719 0.294219782411925 0.268970282710973 0.223409940042767 0.192109434468263 0.198386106661559 0.224693162379353 0.246861702598855 0.245832983179086 0.227519333009709 0.228821135763959 0.208753589435632 0.214057102445766 0.194447089091817 0.212100791573767 -9999 0.253724175027991 0.26287582194894 0.243013160557038 0.247951948732777 0.253463884720336 0.254729885946386 0.254888363659136 0.261958592510643 0.227915331722318 0.218398973782682 0.229638928972429 0.250577409621823 0.239505897163209 0.259529506861497 0.286708634554092 0.304250410127974 0.316355363501091 -9999 -9999 -9999 -9999 -9999 0.274902855378639 0.289985921643655 0.290159592877476 0.294496898686821 0.279792373933702 0.279607625911599 0.265524618252716 0.273328235278657 0.283359300421603
-9999 0.322337388047967 0.309484508879778 0.294830834829576 0.275792681808298 0.252686774267519 0.225261366681514 0.230834411934073 0.234265052305048 0.233171857011676 0.2403112481378 0.252535085350497 0.252300052345465 0.239087980925001 0.223014531725081 0.231865352345354 -9999 -9999 0.279252557782242 0.256878151268066 0.242983431264664 0.237926642734408 0.233713340646138 0.233429384279004 0.241894790763478 0.243971034901115 0.242391506807863 0.250507069273095 0.255157736573115 0.257920785842455 0.250844896140493 0.25342568121187 0.272863724007059 0.292382879984046 0.298549728639049 -9999 -9999 -9999 -9999 -9999 0.273045623250789 0.284198032622017 0.292948416213989 0.280547732916923 0.280853324924938 0.269438653898405 0.264916404879418 0.271523846106338 0.287165473119409
0.288556068835942 0.299751273742451 0.305026762404853 0.300038607035138 0.295886823066902 0.288470594924237 0.282382392140068 0.267552200345863 0.251220468308814 0.237742841677843 0.236735919998745 -9999 -9999 -9999 -9999 0.246057222644939 0.282413811348176 0.300173180943803 0.276310125765278 0.269555942987376 0.261298408180682 0.250822314947007 0.241305915515976 0.250867246058588 0.245653710662914 0.234253716507976 0.236881175306217 0.252940715656188 0.265891951704556 0.276392051913218 0.270512184822067 0.251770688582257 0.268833806111805 0.274496629132548 0.27908585405431 -9999 -9999 -9999 -9999 -9999 0.270999363193476 0.276483737576921 0.269169919258072 0.266873462412941 0.257741884635316 0.270161253493111 0.261801609319028 0.276716222713554 0.28533340476815
0.261171242599658 0.270921327149463 0.274538787060391 0.276303585894476 0.290274344192305 0.287790382757532 0.28397082367442 0.271727383943246 0.2682272697147 0.258468009078217 0.258030667301719 0.273981953027271 -9999 -9999 0.212605634397915 0.223792020153344 0.248110708492984 0.26409580846284 0.27358963863481 0.270598443855942 0.261634814130894 0.244964877004238 0.240423717085743 0.248510834624044 0.244569191281349 0.245119583366061 0.245742219624331 0.260824856129016 0.287935226369362 0.288796328233405 0.279703530214339 0.259778396015294 0.260769496700771 0.266073695628842 0.283115771499114 -9999 -9999 -9999 -9999 0.288120374036955 0.268860083795293 0.268873806891376 0.261384668088514 0.26392237512537 0.257070464979363 0.264274325026131 0.271692003002017 0.273725880428026 0.286030907883426
0.257001320501038 0.258326576857983 0.272648240969079 0.278193533938559 0.277441735749049 0.268853755136462 0.251813981218025 0.269003229559919 0.286239350910378 0.286100561217461 0.272773217001792 0.28703346552185 0.30274732285165 0.271455057994848 0.244342900094016 0.209270250177821 0.232457857820545 0.266361423292919 0.274073914067047 0.255534558111893 0.255195205509085 0.2461335127214 0.238325342872143 0.254270684850666 0.273691637446101 0.260891325535381 0.256271463164888 0.264886980203405 0.267350803195983 0.271975990028351 0.260729537855774 0.247052926164886 0.240851043145227 0.257442293467292 -9999 -9999 -9999 0.323548496435666 0.299499392666185 0.281820980397552 0.269363549793832 0.271135101668858 0.271342196117205 0.259224594321529 0.256777787709156 0.266829178016372 0.278451749268339 0.279464844172135 0.268828125569184
-9999 -9999 0.283816913341848 0.288045571763348 0.282374957915047 0.257199655600962 -9999 0.263823807871321 0.281647115726027 0.290450167532393 0.272879975328437 0.288639540361043 0.290265502623542 0.297289394736403 0.267824054919771 0.249276853750654 0.248255449052841 0.254439321650856 0.258123868664165 0.24192536752193 0.248671815190307 0.240968627802193 0.243239819397404 0.239033733100787 0.257677433655193 0.265596890078017 0.252965122286043 0.256368617452377 0.258529585223021 0.261264241143765 0.250019774421178 0.225418957460005 0.231626065630117 0.234932266020959 0.243014946337462 0.242524991154909 0.283565579283004 0.304835647483029 0.274942687994011 0.260918166024013 0.258521672512681 0.287188279648476 0.269653130487602 0.266756077818764 0.265340586765334 0.284041059467583 0.290581998016878 0.275158795816117 0.269235984192699
-9999 0.30641469945397 0.304621564262506 0.296168999448113 0.294870022174946 0.287094322782423 0.28242045273933 0.282360196837186 0.29063797574833 0.293621272018566 0.283855506897978 0.256914587346493 0.261181635855133 0.262404733751218 0.29568540190605 0.286655716668332 0.290677469807871 0.268658511292884 0.268904942375663 0.255754442837583 0.259576027436918 0.256823872146826 0.255442929238877 0.249889024319068 0.244589359067196 0.24814450443302 0.243792053927023 0.232885781060019 0.241722808862788 0.253899562761271 0.244760675884932 0.234684681973394 0.23066882826845 0.225347356024434 0.223079289572545 0.238127379872765 0.270698751208078 0.276430565441087 0.259250992252704 0.235053772862217 0.260055714723225 0.274189347742115 0.264250961930761 0.252910339751642 0.269205812304212 0.292969214446488 0.292733061170122 0.283089891830183 0.282437237692946
0.34214661938936 0.307460633140308 0.288046782982193 0.276944991148559 0.286794399529764 0.283133607471511 0.277216885353059 0.283363485557457 0.291530158382286 0.285872861626092 0.277885020481389 0.2552347558541 0.238200162477229 0.263854686477674 0.282649566562995 0.29317446597325 0.286090097351309 0.289633989636738 0.293291885784109 0.295522895627335 0.283466883430886 0.25887337062774 0.254218497312969 0.2438290342706 0.240749342101362 0.241039745414745 0.238779985229874 0.242044603511701 0.255057840253251 0.26137580762522 0.248480102438866 0.231872674268802 0.222016957516008 0.215013589880379 0.219559701467077 0.224971488006529 0.240365524735006 0.254008894635857 0.236497781395904 0.245016070733935 0.243351609181307 0.257901629515809 0.254803679775157 0.246698813651591 0.26334158074873 0.265224706124478 0.283831124930614 0.279262652082243 0.284354639377321
0.321851517642889 0.306936898406558 0.283493984637657 0.279144693994337 0.288815281545697 0.263494349652754 0.263178605619217 0.269968890436537 0.282783818947586 0.267653457010026 0.25886317597305 0.249831612429713 0.250584799035824 0.252673459100383 0.280544723260346 0.270762849811756 0.288117427130615 0.30390464651235 0.319202920389316 0.306749233226745 0.300309557251023 0.269094380121814 0.253892906295207 0.256227665215522 0.265551164395632 0.248047730679282 0.242545210298948 0.24365067575432 0.249214750101328 0.24793465872576 0.229440925036503 0.200146533651858 0.187852839602369 0.201541438210052 0.21216191087214 0.198533423691107 0.212294851623562 0.217786142205946 0.243132746909662 0.226800232541986 0.233960138273385 0.224576035984281 0.235791565042459 0.235344247402036 0.240180033031022 0.2410321563659 0.258420723553246 0.260017990966258 0.264208348965873
0.280343525530889 0.266334162106843 0.269700113482295 0.272870924833643 0.283026433195474 0.272474291603264 0.260350021455011 0.266644757805193 0.270631842396508 0.261466066825907 0.260962549997474 0.263517973907932 0.271545326366757 0.27608668063985 0.273132800564684 0.265579791182562 0.266897386895035 0.289645570294699 0.302877902354853 0.297937437951147 0.292131855215081 0.281688387808197 0.269303784477567 0.25768637009086 0.264542127240734 0.249343062038022 0.226768803527691 0.233523540077462 0.23676521854862 0.232016248185649 0.19635073388655 0.166236201004491 0.168448385077552 0.182640542760481 0.187555592173118 0.184819201234831 0.182740912512017 0.197290531852934 0.205979179214326 0.215843034075822 0.208607112857735 0.204197249365263 0.210152057301262 0.211424080166692 0.220365720873314 0.223737343921403 0.259116924934342 0.262267992038076 0.257522859904604
