www/BIMAC_IDW_prior.asc
NCOLS 49 
NROWS 37 
XLLCORNER -0.25 
YLLCORNER 34.75 
CELLSIZE 0.25 
NODATA_value -9999 
-9999.000000000000000 -9999 -9999 -9999 -9999 -9999 -9999 -9999 -9999 -9999 -9999 -9999 -9999 -9999 -9999 -9999 -9999 -9999 -9999 -9999 -9999 -9999 -9999 -9999 -9999 -9999 -9999 -9999 -9999 -9999 -9999 -9999 -9999 -9999 13.5 13.4605116989994 13.4528208208806 13.451721295068 13.4547310116123 13.4590979903264 13.4575626424383 13.4572308973835 -9999 -9999 -9999 -9999 -9999 -9999 -9999
-9999 -9999 -9999 -9999 -9999 -9999 -9999 -9999 -9999 -9999 -9999 -9999 -9999 -9999 -9999 -9999 -9999 -9999 -9999 -9999 -9999 -9999 -9999 -9999 -9999 -9999 -9999 -9999 -9999 -9999 13.4154812859929 13.3964577004499 13.3837722339832 13.5 13.5 13.4547137265498 13.4494552753657 13.4498756340056 13.4531163632221 13.4572769810953 13.45663379716 13.4566304954269 -9999 -9999 -9999 -9999 -9999 -9999 -9999
-9999 -9999 -9999 -9999 -9999 -9999 -9999 -9999 -9999 -9999 -9999 -9999 -9999 -9999 -9999 -9999 13.1873132881538 13.1904086618202 13.2 13.2034221944782 13.2097878025731 -9999 -9999 -9999 -9999 -9999 -9999 -9999 13.4 13.5 13.4216388375109 13.3929632483024 13.3795525127728 13.3721386331876 13.5 13.4471870256987 13.4446249867626 13.446847732796 13.4513945615191 13.4556587896776 13.4554072230856 13.4556758751149 13.4558135746832 -9999 -9999 -9999 -9999 -9999 -9999
-9999 -9999 -9999 -9999 -9999 -9999 -9999 -9999 -9999 -9999 -9999 -9999 -9999 -9999 13.2013529606077 13.2016125818004 13.2017831629388 13.2018508333411 13.2019072505305 13.2041973100152 13.2085331642018 13.2147257199998 13.2206421802857 13.2 -9999 -9999 -9999 13.3162277660168 13.3242640687119 13.3757359312881 13.3837722339832 13.3757359312881 13.3697826509826 13.365873465279 13.5 13.4390969828139 13.4390340858149 13.4435991064516 13.4491460444787 13.4538306621925 13.4539691141666 13.4545788544822 13.4550283870403 -9999 -9999 -9999 -9999 -9999 -9999
-9999 -9999 -9999 -9999 -9999 -9999 -9999 -9999 -9999 -9999 -9999 -9999 -9999 13.1687179268068 13.1793641787488 13.1850120372272 13.1884478858851 13.1913891555726 13.1949098336804 13.1996197202825 13.2052060551173 13.2118799273417 13.2178853787452 13.2 13.3278613668124 13.3204474872272 13.3070367516976 13.2783611624891 13.2 13.3 13.3416407864999 13.3544155877284 13.3577794898144 13.3583592135001 13.5 13.4293722202516 13.4329790192036 13.4397524153421 -9999 13.452657263161 13.4526975816973 13.4535241160948 13.4541836867503 13.45459426287 -9999 -9999 -9999 -9999 -9999
-9999 -9999 -9999 -9999 -9999 -9999 -9999 -9999 -9999 -9999 -9999 -9999 -9999 13.1479952786311 13.156286208035 13.1632736461901 13.1697044538525 13.1759521597376 13.1827865158927 13.1902196992038 13.1984871719428 13.2071529924439 13.2144205302613 13.2 13.2 13.3162277660168 13.3035422995501 13.2845187140071 13.2720759220056 13.2961131723051 13.3242640687119 13.3401754250991 13.3478567053608 13.3514707296108 13.3865684979989 13.4085018216818 -9999 -9999 -9999 13.451542694096 13.4518551587231 13.4529106372149 13.4536287996007 13.4541149536499 13.4542920205691 -9999 -9999 -9999 -9999
-9999 -9999 -9999 -9999 -9999 -9999 -9999 -9999 -9999 -9999 -9999 -9999 -9999 -9999 13.1300406094584 13.1377574923876 13.1463852722337 13.155745905023 13.1657645790777 13.1766326112522 13.1883318320853 13.199919794613 13.2096821478293 13.2 13.2 13.2 13.3083906286541 13.3 13.2979894904131 13.3075710520909 13.3220634596564 13.333907806997 13.3416407864999 13.2 13.3524345648723 -9999 -9999 -9999 -9999 13.4501513667722 13.4512387464918 13.45236187713 13.4531063987832 13.4536211153659 13.4538554450678 13.4539344386773 13.4539943705842 -9999 -9999
-9999 -9999 -9999 -9999 -9999 -9999 -9999 -9999 -9999 -9999 -9999 -9999 -9999 -9999 13.0960158986109 13.1056723131541 13.1167204903027 13.1296611712997 13.1440115484861 13.1590065775546 13.1748019311915 13.1900627519051 13.2037174457938 13.2128350003392 13.2 13.2 13.2 13.3109903110409 13.3111245624843 13.3162277660168 13.3242640687119 13.3321996177525 13.2 13.2997800126584 13.3307588949626 13.35516878851 -9999 -9999 -9999 13.4470148634741 13.449701013148 13.451661504187 13.4525444729222 13.4531145966711 13.4534209089279 13.4536411171045 13.4537759134794 13.453820640385 -9999
-9999 -9999 -9999 -9999 -9999 -9999 -9999 -9999 -9999 -9999 -9999 -9999 -9999 -9999 13.0572795601278 13.0661449394284 13.0777187890144 13.0973235676725 13.1182802715857 13.1387551691519 13.1599044363807 13.1800781613325 13.198078852096 13.2109392561507 13.2169415141404 13.2 13.2 13.2 13.2 13.2 13.2 13.2 13.2749223317161 13.2952082915335 13.3173440098408 13.3375804186653 -9999 -9999 -9999 13.4429364689553 13.4475396935286 13.450652060487 13.4518235143588 13.4525177914438 13.4529252734669 13.4532803720787 13.4535095481089 13.4536256587417 13.4536576712344
-9999 -9999 -9999 -9999 -9999 -9999 -9999 -9999 -9999 -9999 -9999 -9999 13 13 13 13 13 13.0672314737987 13.0944326758699 13.1212929304403 13.1482613351493 13.1733986010833 13.1943675961624 13.2088994222274 13.2128438285904 13.1 13.1486353478497 13.1495097567964 13.1504902432036 13.1513646521503 13.2 13.2512701891637 13.2699321809122 13.2860386261436 13.3039979081161 13.3211759417486 -9999 -9999 13.4173105138952 13.4340621499942 13.4429788585364 13.4482733956776 13.4502662132027 13.4513778169852 13.4521938572222 13.4527856283918 13.4531592988655 13.4533698522175 13.4534761082875
-9999 -9999 -9999 -9999 -9999 -9999 -9999 -9999 -9999 -9999 13.0000367447066 13 13 13 13 13 13 13 13.0734686931848 13.1067518029124 13.1401763363034 13.170623299671 13.1946361952727 13.2078223532318 13.1 13.326843842088 13.3235442245349 13.3222222222222 13.3235442245349 13.326843842088 13.1 13.2451083601202 13.2628495818666 13.2780137039041 13.2939028879054 13.3097587443948 13.3302366250627 -9999 13.4057897675703 13.4238993160728 13.4361060645804 13.4439371063622 13.4477510123644 13.4496076687277 13.4510590231702 13.4520325837828 13.4526385621299 13.452990691304 13.4531813578927
-9999 -9999 -9999 -9999 -9999 -9999 13.1937354522175 13.185230738049 13.1850070020868 13.0000367447066 13.0000198778184 13.0000168668882 13 13 13 13 13 13 13 13.0951655328186 13.1379522871616 13.175154404973 13.1990101439007 13.1 13.329514531114 13.3231796783284 13.317028915029 13.3142857142857 13.317028915029 13.3231796783284 13.329514531114 13.1 13.2525767343809 13.2724441959137 13.2897794775968 13.3060918859425 13.3261144066109 -9999 -9999 13.4186450203692 13.4308530616004 13.4399127034798 13.4451862011119 13.4477421705137 13.4496220081674 13.4510220912374 13.4519178935097 13.4524540330787 13.4527517055868
-9999 -9999 -9999 -9999 13.2232000216914 13.2034608935138 13.1793086559689 13.1633405600782 13.1666911631377 13.135290041529 13.000020343363 13.0000164013436 13.000012653383 13 13 13 13 13 13 13 13.1472569608185 13.1928273082221 13.1 13.3360679774998 13.3297058540778 13.3198039027186 13.3071067811865 13.3 13.3071067811865 13.3198039027186 13.3297058540778 13.3360679774998 13.1 13.2738922919494 13.2927299488524 -9999 -9999 -9999 -9999 -9999 13.4307579783278 13.438342712469 13.4434557382255 13.4462275117161 13.4483054154093 13.4498909072552 13.4510390219715 13.4517609919921 13.4521744393054
-9999 -9999 -9999 -9999 13.2336452841889 13.2071283057373 13.1602135930474 13.1201544533539 13.1408909160006 13.1340879104883 13.1318087046314 13.0000159493276 13.0000112014563 13 13 13 13 13 13 13 13.1751910630823 13.2325573595873 13.3431767392487 13.339848152431 13.3336257084986 13.3207592200561 13.2937129433614 13.2666666666667 13.2937129433614 13.3207592200561 13.3336257084986 13.339848152431 13.3431767392487 13.3108577128979 -9999 -9999 -9999 -9999 -9999 -9999 13.4316738568337 13.4377196227115 13.4422579264481 13.4449746066388 13.4470791374623 13.4487353024878 13.4500617130564 13.4509400935433 13.4514605276257
-9999 -9999 -9999 13.2629832358604 13.2573771444024 13.2360873737092 13.1666911631377 13.0000367447066 13.1306290843287 13.1419076149656 13.138567463438 13.1207456349876 13.0000104984876 13.0313226057652 13 13.1269817675871 13.2 13.2438951672593 13.298343189229 13 13.2290932847919 13.2783214403988 13.347548783982 13.3462112512353 13.3434164902526 13.3360679774998 13.3071067811865 13.1 13.3071067811865 13.3360679774998 13.3434164902526 13.3462112512353 13.347548783982 13.3566143891064 13.3667651226971 -9999 -9999 -9999 -9999 -9999 13.4327610040964 13.4375042286137 13.4414265509066 13.4439466519674 13.4459670129121 13.4476035969726 13.4490285007473 13.4500185110194 13.4506234956189
-9999 -9999 13.276472203599 13.2829870342987 13.2929084389693 13.3063012924891 13.2929084389693 13.2071283057373 13.1937354522175 13.1647950396845 13.1513535269349 13.1299107686285 13.0474395776366 13.1633670657106 13.1398444518389 13.1832003740326 13.2378369889785 -9999 13.2950191305982 13.3534317024253 13.3272656684645 13.3387973254728 13.352451216018 13.3537887487647 13.3565835097474 13.3639320225002 13.3928932188135 13.6 13.3928932188135 13.3639320225002 13.3565835097474 13.3537887487647 13.352451216018 13.4203371763267 13.4388096912497 -9999 -9999 -9999 -9999 -9999 13.4407878535966 13.4408798439395 13.4417678466117 13.4435944693424 13.445244236154 13.4467020702423 13.4480744565814 13.4490861797227 13.4497316681491
-9999 13.5 13.2869133827407 13.2992689406465 13.3216185239508 13.3694076603779 13.5 13.3333455815689 13.2639493709974 13.1910188910834 13.1664678649823 13.155399461405 13.191955572618 13.2295838991054 13.2353656107397 13.2626119149456 -9999 -9999 13.3275402453199 13.3298879537799 13.7 13.4203484579406 13.3568232607513 13.360151847569 13.3663742915014 13.3792407799439 13.4062870566386 13.4333333333333 13.4062870566386 13.3792407799439 13.3663742915014 13.360151847569 13.3568232607513 13.518864541984 13.5495972789417 -9999 -9999 -9999 -9999 -9999 13.4587744784788 13.4509548308365 13.446351991883 13.4448933078312 13.4455067325098 13.4464433888755 13.4474709406339 13.4483232968161 13.4489126600397
13.4386270016596 13.5 13.5 13.3063012924891 13.3274421828545 13.359145828706 13.3798822913527 13.3398231516592 13.2929084389693 13.2663914605177 13.3101490919506 -9999 -9999 -9999 -9999 13.3269241687276 13.3588565636824 13.370257194093 13.3646120122924 13.4768203216716 13.473156157912 13.7 13.6 13.3639320225002 13.3702941459222 13.3801960972814 13.3928932188135 13.4 13.3928932188135 13.3801960972814 13.3702941459222 13.3639320225002 13.6 13.684550081791 13.7150176411212 -9999 -9999 -9999 -9999 -9999 13.4848269914648 13.4668655766177 13.4546183925821 13.4483427656653 13.4472711406693 13.4472479565342 13.4475355441668 13.4479687517522 13.4483559504377
13.4468657804211 13.5 13.5 13.5 13.3193622281827 13.3333455815689 13.3366961846284 13.3207280887377 13.2965758511928 13.4546403171201 13.4177252147299 13.4657664243051 -9999 -9999 13.4027925827144 13.4070326972978 13.435808483152 13.4315208395228 13.4928932188135 13.482971084971 13.4764557754651 13.7 13.5137500665534 13.6 13.370485468886 13.3768203216716 13.3829710849711 13.3857142857143 13.3829710849711 13.3768203216716 13.5586064304267 13.7980390271856 14 14 14 -9999 -9999 -9999 -9999 13.5958459171498 13.532512864711 13.4948425475864 13.4706323251891 13.4567553000983 13.4524883578268 13.4500341832357 13.4488644279941 13.448448780908 13.4483930931032
13.4464066323245 13.454864148216 13.5 13.5 13.5 13.3150297426198 13.3148060066576 13.3063012924891 13.4731970803464 13.5021915365994 13.5752048894464 13.6194045823768 13.4913691367143 13.4592024795481 13.4043872094601 13.2 13.7 13.5333333333333 13.5 13.4857142857143 13.4777777777778 13.7 13.541769999842 13.5267278730553 13.6 13.373156157912 13.3764557754651 13.3777777777778 13.3764557754651 13.7239872289265 13.9342016071887 14.0903882032022 14.0879215610874 14.0867267218529 -9999 -9999 -9999 13.867446459913 13.7831771891895 13.6781274454051 13.5972801729619 13.5401139636046 13.5003345329124 13.4737557523603 13.4626647021126 13.4560890357675 13.4523995468482 13.4504583007636 13.4495636634971
-9999 -9999 13.4675617363158 13.5 13.5 13.5 -9999 13.6734534437058 13.7 13.732408120756 13.6502475793723 13.6640745704589 13.6451115485296 13.5891805812446 13.512422817737 13.4759941347103 13.5400425446775 13.5608466094492 13.4928932188135 13.482971084971 13.4764557754651 13.7 13.5691671399874 13.5629334253676 13.5791164134113 13.6 13.6 13.6 13.9355050940764 13.9541758538557 14.0933034373659 14.0883036880224 14.0842329219213 14.0828427124746 14.083795939622 14 14 13.9172336952001 13.8380526205781 13.7441089994865 13.6583371343575 13.589262938376 13.536499771441 13.4970627525267 13.4779659892875 13.4660637129527 13.4588660786107 13.4546760178351 13.4524807203264
-9999 13.4565801031884 13.4697461972522 13.4865171104008 13.5 13.5 13.5 13.7 13.7265465562942 13.9 13.6946201581186 13.7265296674975 13.7408572365487 13.6735761825938 13.5924950591149 13.5521859007588 13.5528264026399 13.5620164537453 13.4801960972814 13.4768203216716 13.473156157912 13.7 13.59377332423 13.604674471097 13.6431860243697 13.711102313742 13.8110507380087 14.1037087982164 14.102633403899 14.1 14.0944271909999 14.085410196625 14.0774851773446 14.0765564437075 14.08 14.083795939622 14 14 13.8805260760806 13.7909243296933 13.7058283247003 13.631662761004 13.5705325642431 13.5236010090103 13.4971816702413 13.4797070948806 13.4684752490968 13.4615237586944 13.4576509413372
13.4623094494157 13.4619014861155 13.4751192001112 13.4951917892129 13.5241504214002 13.5669476885689 13.6490399023552 13.9 13.9 13.9 13.9 13.7833333333333 13.9 13.7405306205029 13.6468589435516 13.5982596740049 13.5798148529472 13.575658012255 13.4702941459222 13.470485468886 13.7 13.601479129579 13.6163688828655 13.6517369143461 13.7153953132438 13.8267150863549 14.2 14.1065497166006 14.1066965626341 14.1055728090001 14.1 14.0828427124746 14.061803398875 14.0666666666667 14.0765564437075 14.0828427124746 14.0867267218529 14 13.9097476169038 13.826351929062 13.743685096929 13.6678174111439 13.6029128540766 13.5513478507972 13.5189924319993 13.4963871676586 13.4810795860614 13.4711528014563 13.4653825992058
13.4688809937906 13.4713198107828 13.4867820746512 13.5119363066977 13.5499077966513 13.6048354727673 13.6946603133149 13.9 13.9 13.9 13.9 13.9 13.7833333333333 13.7261940405723 13.6651558726488 13.6236433702616 13.6010154627817 13.5904050827598 13.4639320225002 13.7 13.5991447640228 13.6117976212776 13.6415599925891 13.6928071473721 13.7721349150919 13.8953572111808 14.2 14.1096117967978 14.1116963119775 14.114589803375 14.1171572875254 14.1 14 14.061803398875 14.0774851773446 14.0842329219213 14.0879215610874 14 13.9281934845191 13.8514187944169 13.7729788626432 13.6985745958792 13.6327661693709 13.57898900115 13.5422619604153 13.5153579777024 13.4963143045456 13.4834816544562 13.475769448928
13.4774885448579 13.4830160220742 13.5007376337794 13.5293338869411 13.5710968095052 13.6283901121881 13.7143740844471 13.9 13.9 13.9 13.9 13.9 13.9 13.6946201581186 13.6628111284715 13.6338794163999 13.613934590462 13.601836241742 13.7 13.6172672560979 13.6105731573438 13.6300621700901 13.6686483095974 13.7290220737309 13.815711663495 13.9389253464213 14.2 14.1120784389126 14.1157670780787 14.1225148226554 14.138196601125 14.2 14.1 14.0828427124746 14.085410196625 14.0883036880224 14.0903882032022 14 13.9400956153763 13.869452389716 13.796212209956 13.7247357936115 13.6598989496768 13.6056659649643 13.565945343763 13.535790921623 13.5136346037559 13.4982090967534 13.4886792108793
13.4881200290009 13.4964504232441 13.5155994339426 13.5450537160649 13.5865335387573 13.6398730177556 13.7086851163748 13.7885541875889 13.9 13.9 13.9 13.9 13.9 13.9 13.9 13.9 13.9 13.6883804821939 13.6535680234007 13.6346903841572 13.6304670646839 13.6522012501308 13.6950942570443 13.759155276307 13.8467474488465 13.966160921122 14.2 14.1132732781471 14.1171572875254 14.1234435562925 14.1333333333333 14.138196601125 14.1171572875254 14.1 14.0944271909999 14.0933034373659 14.0934502833994 14 13.9458979691872 13.8810366105726 13.8130369724021 13.745380662599 13.6828323340379 13.6299603652685 13.5889775239883 13.5567447611379 13.5323006120334 13.5148047876976 13.5037447755081
13.4992462080916 13.509112542084 13.5290669917273 13.5571651926131 13.5954847915033 13.6430619258158 13.7011437054208 13.7639115367467 13.8230583517199 13.9 13.9 13.9 13.9 13.9 13.9 13.9 13.7737702284097 13.7150642175658 13.6769299922967 13.6576726041638 13.6547880493356 13.6762754925621 13.7185235001351 13.7802790117413 13.8624367082374 13.9730941627339 14.2 14.2 14.116204060378 14.12 14.1234435562925 14.1225148226554 14.114589803375 14.1055728090001 14.1 14.097366596101 14.0962912017836 14.0080774577275 13.9498902663446 13.8895497527571 13.8266012043454 13.7633433829846 13.7043475914677 13.6522409455055 13.6109507995952 13.5776199959278 13.551696822187 13.5327162605368 13.5204860264153
13.5113417477123 13.5220659445211 13.5419292372221 13.569253917008 13.6037028556985 13.6458392668522 13.6966124487156 13.7499591781985 13.7996952654237 13.8436636285788 13.9 13.9 13.9 13.9 13.9 13.8207334326697 13.7733656006948 13.7311109822339 13.6993726987862 13.6821018489869 13.6804840644289 13.6995428661812 13.7374293679541 13.7926006057955 13.863602314359 13.9493258185637 14.0466827914434 14.2 14.2 14.116204060378 14.1171572875254 14.1157670780787 14.1116963119775 14.1066965626341 14.102633403899 14.1 14.0488281495202 -9999 -9999 -9999 -9999 -9999 13.6999543993483 13.6583198023711 13.6227056881036 13.5925563070878 13.5683294642997 13.55020875097 13.5376527708694
13.5238228595431 13.5344733300171 13.5530879958248 13.5784455320963 13.6098919759431 13.6466363598692 13.690862601587 13.7368700784563 13.7802184082596 13.8181467225427 13.8475231966113 13.8628471965822 13.8664118582491 13.8603232816337 13.8444917187737 13.8146155986902 -9999 -9999 -9999 -9999 13.7014977457 13.7207643212874 13.7549041606237 13.8029006139619 13.8622222386824 -9999 -9999 -9999 -9999 -9999 -9999 -9999 14.1096117967978 -9999 -9999 -9999 -9999 -9999 -9999 -9999 -9999 -9999 13.6902044050124 -9999 -9999 13.5962455531644 13.5778281105487 13.5628377197989 13.551229666272
13.5357976357593 13.5458730595999 13.5628124470089 13.5858423699031 13.614204921786 13.647031933667 13.6864424326687 13.727665054445 13.766973429423 13.801832351692 -9999 -9999 -9999 -9999 -9999 -9999 -9999 -9999 -9999 -9999 -9999 -9999 -9999 -9999 -9999 -9999 -9999 -9999 -9999 -9999 -9999 -9999 -9999 -9999 -9999 -9999 -9999 -9999 -9999 -9999 -9999 -9999 -9999 -9999 -9999 13.5961481143729 13.5829361929373 13.5715064824087 13.5621062065432
13.5468986254261 13.5561566678596 13.5712680518221 13.5918955304207 -9999 -9999 -9999 -9999 -9999 -9999 -9999 -9999 -9999 -9999 -9999 -9999 -9999 -9999 -9999 -9999 -9999 -9999 -9999 -9999 -9999 -9999 -9999 -9999 -9999 -9999 -9999 -9999 -9999 -9999 -9999 -9999 -9999 -9999 -9999 -9999 -9999 -9999 -9999 13.6357002846669 13.6175403073024 13.6013459071103 13.5893572223463 13.5799805576215 13.5724423033121
13.5549170674393 13.5621844111774 -9999 -9999 -9999 -9999 -9999 -9999 -9999 -9999 -9999 -9999 -9999 -9999 -9999 -9999 -9999 -9999 -9999 -9999 -9999 -9999 -9999 -9999 -9999 -9999 -9999 -9999 -9999 -9999 -9999 -9999 -9999 -9999 -9999 -9999 -9999 -9999 -9999 -9999 -9999 -9999 -9999 13.6238782141404 13.6140209350276 13.6033862498634 13.5941311365716 13.5867956061387 13.5809513327304
13.5591498219088 -9999 -9999 -9999 -9999 -9999 -9999 -9999 -9999 -9999 -9999 -9999 -9999 -9999 -9999 -9999 -9999 -9999 -9999 -9999 -9999 -9999 -9999 -9999 -9999 -9999 -9999 -9999 -9999 -9999 -9999 -9999 -9999 -9999 -9999 -9999 -9999 -9999 -9999 -9999 -9999 -9999 -9999 13.6125822536002 13.6083500131151 13.6023947758317 13.5964107261126 13.5913520743818 13.5871691511983
-9999 -9999 -9999 -9999 -9999 -9999 -9999 -9999 -9999 -9999 -9999 -9999 -9999 -9999 -9999 -9999 -9999 -9999 -9999 -9999 -9999 -9999 -9999 -9999 -9999 -9999 -9999 -9999 -9999 -9999 -9999 -9999 -9999 -9999 -9999 -9999 -9999 -9999 -9999 -9999 -9999 -9999 -9999 -9999 -9999 13.6004311596532 13.5968929937419 13.5935734277344 13.5908582581433
-9999 -9999 -9999 -9999 -9999 -9999 -9999 -9999 -9999 -9999 -9999 -9999 -9999 -9999 -9999 -9999 -9999 -9999 -9999 -9999 -9999 -9999 -9999 -9999 -9999 -9999 -9999 -9999 -9999 -9999 -9999 -9999 -9999 -9999 -9999 -9999 -9999 -9999 -9999 -9999 -9999 -9999 -9999 -9999 -9999 13.5989234478653 13.5969987059047 13.5949748044815 13.5934555552788
-9999 -9999 -9999 -9999 -9999 -9999 -9999 -9999 -9999 -9999 -9999 -9999 -9999 -9999 -9999 -9999 -9999 -9999 -9999 -9999 -9999 -9999 -9999 -9999 -9999 -9999 -9999 -9999 -9999 -9999 -9999 -9999 -9999 -9999 -9999 -9999 -9999 -9999 -9999 -9999 -9999 -9999 -9999 -9999 -9999 13.5984570159294 13.5973419936489 13.5961338396485 13.5952379804995
-9999 -9999 -9999 -9999 -9999 -9999 -9999 -9999 -9999 -9999 -9999 -9999 -9999 -9999 -9999 -9999 -9999 -9999 -9999 -9999 -9999 -9999 -9999 -9999 -9999 -9999 -9999 -9999 -9999 -9999 -9999 -9999 -9999 -9999 -9999 -9999 -9999 -9999 -9999 -9999 -9999 -9999 -9999 -9999 -9999 13.5978932777155 13.5972941069766 13.5966096084781 13.5960883418951
