www/BIMAC_interpolation.asc
NCOLS 49 
NROWS 37 
XLLCORNER -0.25 
YLLCORNER 34.75 
CELLSIZE 0.25 
NODATA_value -9999 
[rows 0 to 25 of 37, columns 0 to 48 of 49]
-9999.000000000000000 -9999 -9999 -9999 -9999 -9999 -9999 -9999 -9999 -9999 -9999 -9999 -9999 -9999 -9999 -9999 -9999 -9999 -9999 -9999 -9999 -9999 -9999 -9999 -9999 -9999 -9999 -9999 -9999 -9999 -9999 -9999 -9999 -9999 13.5826788050346 13.5540532105112 13.5183126618548 13.494633302477 13.4894476471081 13.451681732969 13.4544792431419 13.4766883199889 -9999 -9999 -9999 -9999 -9999 -9999 -9999
-9999 -9999 -9999 -9999 -9999 -9999 -9999 -9999 -9999 -9999 -9999 -9999 -9999 -9999 -9999 -9999 -9999 -9999 -9999 -9999 -9999 -9999 -9999 -9999 -9999 -9999 -9999 -9999 -9999 -9999 13.4416805556058 13.4345894249338 13.4614870358667 13.5267412902788 13.5527528535597 13.5253486942112 13.5030208211292 13.5095424625347 13.4853763135009 13.4689351674674 13.4653320403293 13.4745614764871 -9999 -9999 -9999 -9999 -9999 -9999 -9999
-9999 -9999 -9999 -9999 -9999 -9999 -9999 -9999 -9999 -9999 -9999 -9999 -9999 -9999 -9999 -9999 13.3441538301694 13.3460747870559 13.3779129676157 13.3906136979058 13.3956866483268 -9999 -9999 -9999 -9999 -9999 -9999 -9999 13.3937200224825 13.4193397427841 13.4386641881549 13.4463822744983 13.4636714321436 13.5008657576013 13.5055375871364 13.4976629833985 13.4857591347614 13.490279493267 13.4956446029958 13.4781315061167 13.4644438558854 13.4605025488914 13.4848929970503 -9999 -9999 -9999 -9999 -9999 -9999
-9999 -9999 -9999 -9999 -9999 -9999 -9999 -9999 -9999 -9999 -9999 -9999 -9999 -9999 13.3901888222051 13.3773853032634 13.3557732414291 13.3641887702072 13.355761307256 13.3730405859937 13.3843797696673 13.4027870159681 13.4092946466959 13.3715753919451 -9999 -9999 -9999 13.4177509200884 13.4105198659155 13.3995578809884 13.4495852082276 13.4414872550213 13.4444050709293 13.4544533907082 13.4692775408007 13.4725635843684 13.4736700989484 13.5033489041938 13.5026437452053 13.4864284091997 13.4747513774824 13.4783713060318 13.4824481013085 -9999 -9999 -9999 -9999 -9999 -9999
-9999 -9999 -9999 -9999 -9999 -9999 -9999 -9999 -9999 -9999 -9999 -9999 -9999 13.3842513818859 13.3825626381266 13.3703464105832 13.3671415714721 13.3657347943185 13.3580810296856 13.3470689141265 13.3585468311189 13.3915961744447 13.3854087407117 13.3766516465309 13.3484193652247 13.3831535982825 13.4226682391455 13.4155595466988 13.3623316370313 13.3986997674488 13.4307490024543 13.4369658410353 13.424798065427 13.4355997028122 13.4286877351177 13.4405386014149 13.474002993078 13.4951396486238 -9999 13.4960135124913 13.4854787818631 13.476792018418 13.4860356584799 13.4769497658492 -9999 -9999 -9999 -9999 -9999
-9999 -9999 -9999 -9999 -9999 -9999 -9999 -9999 -9999 -9999 -9999 -9999 -9999 13.3906408184458 13.3629988435488 13.3492749875482 13.3462766004672 13.3662908579005 13.3588387846171 13.3322080217564 13.3226957620306 13.3333091634615 13.3441151390088 13.3495601143351 13.3604576931201 13.3975747928763 13.4306173389818 13.3943501147653 13.3977341436707 13.4096027421362 13.4458666794217 13.4383506257815 13.4315863059659 13.4204040754176 13.4149660107801 13.4602161190554 -9999 -9999 -9999 13.5263034612881 13.5211456656587 13.4895761116397 13.4869953830515 13.4864222915743 13.5252943056857 -9999 -9999 -9999 -9999
-9999 -9999 -9999 -9999 -9999 -9999 -9999 -9999 -9999 -9999 -9999 -9999 -9999 -9999 13.3656701281432 13.3345463324348 13.333604690689 13.3690820691181 13.370682661345 13.3411314879169 13.3211483454366 13.3070563003183 13.3170826878714 13.3395715059427 13.376566656657 13.4095779510722 13.4021190518671 13.4124034499325 13.4058858130117 13.4158898538622 13.4401258945568 13.4317676380679 13.4174491161136 13.4142464199641 13.4669045216014 -9999 -9999 -9999 -9999 13.538524952794 13.5220623534302 13.5073793258541 13.4807113260955 13.4831388371072 13.5130631515798 13.5527616764599 13.5480570728547 -9999 -9999
-9999 -9999 -9999 -9999 -9999 -9999 -9999 -9999 -9999 -9999 -9999 -9999 -9999 -9999 13.3366006742825 13.3279420147455 13.3314139787328 13.378669287732 13.3862362473086 13.3607543662754 13.3289591383745 13.3356678975761 13.3284195855145 13.3418708030364 13.3762984747428 13.3995620277173 13.4116106981151 13.4069439610137 13.4104432568563 13.4138479128785 13.4199372400894 13.4179794690646 13.3908044193971 13.416871527502 13.4548810068964 13.4870186621729 -9999 -9999 -9999 13.522453328712 13.5348359499328 13.5109248751831 13.5069394939865 13.4862680485785 13.507827700413 13.5357212853175 13.5500055144969 13.5183215815745 -9999
-9999 -9999 -9999 -9999 -9999 -9999 -9999 -9999 -9999 -9999 -9999 -9999 -9999 -9999 13.3045492259173 13.3257964477152 13.3466890383527 13.3795123964603 13.3814940145233 13.3511767662077 13.3538959135894 13.3732157099563 13.3728365376417 13.3497315756188 13.3604030594879 13.3882796390014 13.3935320423373 13.3656676611323 13.3576800603609 13.3803089393507 13.4148697052755 13.3999990521612 13.3988115907423 13.4017741586923 13.4359175946922 13.4515936015734 -9999 -9999 -9999 13.5104730353943 13.5040657364837 13.5215153011442 13.4998277659068 13.5130028049317 13.5152664061289 13.543309345995 13.5259568153466 13.5238017856193 13.5087625248782
-9999 -9999 -9999 -9999 -9999 -9999 -9999 -9999 -9999 -9999 -9999 -9999 13.2437918227021 13.2698587405862 13.2761995253971 13.2956536929265 13.3235591436714 13.3537863132834 13.3393323983036 13.3385015896424 13.3512919477124 13.3873600520008 13.368743250279 13.3472582046567 13.3528593875098 13.3812735655117 13.3801623946144 13.3703140620143 13.3544817161778 13.3879593723817 13.4342152429183 13.438277429673 13.4089508142461 13.427730441003 13.4461992979187 13.4741012925663 -9999 -9999 13.5040911997383 13.5062868284403 13.521291994688 13.5125533575487 13.5074716166853 13.524358506722 13.5429132020649 13.5328834505529 13.5068164641451 13.513711995441 13.5126645219514
-9999 -9999 -9999 -9999 -9999 -9999 -9999 -9999 -9999 -9999 13.3155454711855 13.2774103347053 13.2651870904179 13.2676864958817 13.2713037539915 13.2834855661962 13.2886663080665 13.310700056077 13.320480793038 13.3272980564973 13.3498397554097 13.3542415435507 13.3554068172453 13.3522690253606 13.3695069925729 13.3980011008084 13.4115548619307 13.3927755187991 13.3991302342349 13.4261915722941 13.4327087558065 13.4444830481678 13.4286910008158 13.4520183044768 13.4768259659362 13.5020137456648 13.49911502569 -9999 13.5051364202934 13.5057595858863 13.491386971382 13.5029917332447 13.4764924872215 13.5209211118884 13.5335745670985 13.537984820603 13.5195228962562 13.5278358371984 13.52483020968
-9999 -9999 -9999 -9999 -9999 -9999 13.4129592129913 13.3994905943157 13.376727434215 13.3381655909158 13.3049426144634 13.2838301472725 13.2710511287215 13.2892974971984 13.3031344707724 13.3049164618024 13.2974294052471 13.2815108163489 13.3160012417203 13.3393970227382 13.3484334277256 13.3438499722284 13.3604082901874 13.3542473444342 13.381785332794 13.4117938563199 13.428915874162 13.4138930258174 13.4042941204002 13.4135643005607 13.4213307730651 13.4155575233089 13.4374143903108 13.4721378214822 13.4950946313465 13.5040933536702 13.4915454738705 -9999 -9999 13.4926191401437 13.4916288910196 13.473884397528 13.4887241163655 13.4955774183577 13.5205928882109 13.5215776804767 13.5163747881796 13.516004001439 13.5289003560764
-9999 -9999 -9999 -9999 13.4806001562262 13.4381655144892 13.415644472327 13.3816023746852 13.3571489980687 13.3208566433416 13.2825917763345 13.2748226860558 13.2881239938337 13.3183387365198 13.3274745699677 13.3441911290611 13.2934762035037 13.28561399663 13.3087244573893 13.342213605797 13.3454178416429 13.3588187463961 13.3691481342229 13.3774683420284 13.3952554796149 13.4215016038931 13.4272164578507 13.4141190062929 13.4032778677863 13.4151177758672 13.4180053413834 13.4211412207077 13.4201662792725 13.4612995507283 13.4829422039544 -9999 -9999 -9999 -9999 -9999 13.4573034708015 13.4732949185789 13.4825381128581 13.5048591458638 13.512862717548 13.5061409580374 13.5074687004968 13.5101526233148 13.5189498934556
-9999 -9999 -9999 -9999 13.4560025899308 13.4376887890491 13.3828412097104 13.3520870440861 13.3127158672564 13.3304630006141 13.3088216580722 13.285373208685 13.2899849945066 13.2922330576235 13.3117539983913 13.3042900940767 13.3110071155626 13.3066372739588 13.3256935878501 13.3481425141439 13.3787017003801 13.3891736492246 13.4038079685405 13.4029450533054 13.4174872002982 13.4137057072184 13.3877643240908 13.3737056438944 13.3915556659675 13.4349741134089 13.436367659056 13.4273563413609 13.418762833512 13.433264577005 -9999 -9999 -9999 -9999 -9999 -9999 13.481011172213 13.474923127807 13.5010952194094 13.5038282833581 13.4999499428254 13.4789277404442 13.4794818635916 13.483023442749 13.4899575765322
-9999 -9999 -9999 13.4365562682308 13.4167367681009 13.439650441859 13.3901491263451 13.3180839875438 13.3121703508822 13.3494388371547 13.3672559230091 13.3222572427127 13.2981185260923 13.2893663825981 13.2888683325726 13.3241767820623 13.3411003719274 13.3554238383363 13.3638014204275 13.3900054253055 13.4052066316668 13.4251427129142 13.4459226430006 13.4473937627082 13.4398246480217 13.4483399808085 13.4194929994134 13.408370065734 13.4317131245545 13.4520307922576 13.4568819898909 13.4342185923931 13.4450899726596 13.4524534268444 13.473139270163 -9999 -9999 -9999 -9999 -9999 13.4900315764237 13.4803739075495 13.4861930326319 13.483987412293 13.4736890098066 13.4760181621315 13.4891005569612 13.4853038614808 13.4846575355413
-9999 -9999 13.4521666552278 13.4266786912318 13.4161134446286 13.4342494321856 13.4271640001299 13.3808125976698 13.3470055222312 13.3904447338856 13.3798292186435 13.361245683615 13.3309867012598 13.3270026276236 13.332811009233 13.3629499951021 13.3759001156503 -9999 13.4133139842287 13.4508070213612 13.4427529311609 13.4781604948177 13.4752830507402 13.4845032678189 13.4455995396946 13.4477278417384 13.4367471256229 13.4558675189222 13.4477889334526 13.45507407394 13.4511766189162 13.4696548730992 13.4928873422334 13.502584894545 13.5144266928986 -9999 -9999 -9999 -9999 -9999 13.5003352706338 13.5046059293476 13.5029224399189 13.5057561611697 13.4947838821004 13.4938439819803 13.5160935774498 13.5319432297868 13.5108556355229
-9999 13.5225829056049 13.4878586810314 13.4492158212 13.4404718242988 13.4688280025756 13.4648238892474 13.4420184285824 13.4016703759088 13.3732048784023 13.3658243444058 13.3562583876633 13.3767362999573 13.3769843629781 13.4105739369356 13.4067812310563 -9999 -9999 13.4598966167924 13.472257200605 13.5135111709447 13.5173314295941 13.5006767771594 13.5034293314544 13.4706706278055 13.4691011362507 13.4593772615666 13.477307787542 13.4800535663959 13.4606311167923 13.463101487934 13.4933770429365 13.5520915428435 13.5785947005395 13.5803597987255 -9999 -9999 -9999 -9999 -9999 13.5229267882579 13.5095416635593 13.5099937540868 13.5283315491456 13.5211562370204 13.5263977724687 13.5419317722957 13.5571856225885 13.573398739796
13.5491806301262 13.54640076467 13.5112251168069 13.4635033623696 13.4470246263463 13.4562016794959 13.4597684515245 13.4481533307989 13.4260596866385 13.4032458597423 13.4201826302421 -9999 -9999 -9999 -9999 13.4942966777173 13.5251801754983 13.5392826854879 13.4936708940707 13.5106351299183 13.5354997593219 13.5689564537242 13.5268709773559 13.4930072425509 13.4753796159228 13.4637133112344 13.4508736067518 13.4448521107849 13.4615539502724 13.4721360180164 13.5070127305256 13.5571986905957 13.6448809279398 13.6707924079194 13.6909508947963 -9999 -9999 -9999 -9999 -9999 13.5736707830348 13.5438691355489 13.5431864796754 13.5356070250433 13.5615166493297 13.5469924505059 13.5408138447507 13.5618316646818 13.5728512745118
13.5433696574517 13.5346372445815 13.5230009420782 13.5052352760787 13.4763729944731 13.4521237042892 13.4319372357311 13.4234294645514 13.441102351436 13.4714542976566 13.4956412853568 13.5421067956777 -9999 -9999 13.4534531244685 13.5234786747632 13.5509457256122 13.5773941738637 13.5317821426973 13.5237058863114 13.564070066791 13.5886825652292 13.5761068849363 13.5286457870913 13.4754920970523 13.4997386386088 13.4931616094385 13.4960980865843 13.4962261606902 13.5287721153763 13.6069271623045 13.6621957236719 13.7319730581922 13.7629114081694 13.7726398181555 -9999 -9999 -9999 -9999 13.6902896738326 13.6355354741511 13.5842918148379 13.5394665151158 13.5301590105222 13.5308530086874 13.5510570757064 13.5459349585772 13.5354420752305 13.5541030080663
13.5278795050207 13.5116426637561 13.5110996418803 13.5199420374972 13.5094082053675 13.461073037125 13.4444640090567 13.4782374711284 13.536379596066 13.5636703255578 13.5944036305832 13.5941999061214 13.5817756511945 13.5506648579456 13.4976677173054 13.4981267401306 13.576089558486 13.58876476627 13.5669563953244 13.5415136833798 13.5661595330595 13.5986669040399 13.5891783598516 13.526725506837 13.5188407438474 13.5161838908512 13.5538793266712 13.5592783034776 13.592051534546 13.6730794097087 13.7610746087253 13.7975001740655 13.8157036954964 13.8289090094145 -9999 -9999 -9999 13.7460929741305 13.7384677725457 13.7119914558063 13.6688210660681 13.6252481346676 13.5765869166177 13.5406378333114 13.5468264572845 13.5457342518171 13.5477955525075 13.5342472956914 13.5147347477275
-9999 -9999 13.5225170079773 13.5338922733988 13.5417684886105 13.5090040348293 -9999 13.5770975372773 13.6079067674185 13.6158423433676 13.6292346190462 13.6224030842507 13.606741594268 13.587613063441 13.5416066876711 13.55033563431 13.5657775031244 13.6031357883348 13.5895148140772 13.5622864520806 13.5913411861687 13.5999642137201 13.5988558436001 13.5609968183933 13.5491583392604 13.6043406601546 13.6257418111592 13.6699100574134 13.7250828701427 13.8006179964457 13.8535810043386 13.8587103166413 13.8693675654388 13.8647986248435 13.8649689097035 13.8155527322873 13.7920952568015 13.7815182626242 13.7372820911845 13.6981690541543 13.6533750276337 13.6231931481158 13.5888372280612 13.5794553304485 13.5608768805687 13.5625904010711 13.5606789542943 13.5390110367699 13.5199452926816
-9999 13.5420453907388 13.5314115601516 13.5502096934848 13.5604322446727 13.5664940461783 13.6235405990628 13.6938951570707 13.6787649642206 13.6812802804278 13.6939816681833 13.7050186463146 13.6748186748523 13.6622641392762 13.6331256277872 13.6152183248729 13.6163327845941 13.6183485000808 13.6088437893335 13.5831753947858 13.6179686494939 13.6155935864574 13.6189572025298 13.5871294183139 13.5980975529032 13.6462386851184 13.7122259799026 13.7713134017398 13.817097470964 13.859130602958 13.8589924698961 13.8704761790991 13.8674719071165 13.8744233323816 13.8583129297542 13.8562108446153 13.8244400454129 13.8001780866017 13.7425212508913 13.6959789615982 13.6579993225535 13.6143318337144 13.6211376414008 13.6241091139402 13.605526729193 13.566498791644 13.5466704167362 13.5400297816698 13.535913915323
13.5484487073076 13.5425965336499 13.5399569770752 13.5527164643487 13.5880500174912 13.6054306144847 13.6774265974331 13.6979148149804 13.7366765314207 13.7236904186776 13.7564559105724 13.7516759836254 13.7384324109323 13.6921320052124 13.6511992969739 13.6180687517325 13.620269116563 13.6056812281997 13.6192080965306 13.6119397174765 13.6449311173709 13.6369662487388 13.6434010358602 13.6464870483924 13.648733547173 13.7008342466928 13.7673414148154 13.8486482208455 13.8554702064006 13.8663393278018 13.8324080867442 13.8566596846538 13.8646091010326 13.8775423417455 13.8868617609731 13.8915036698242 13.8586560804295 13.7883284007046 13.7404915140015 13.709312326224 13.650790060242 13.6187697595281 13.6093326046265 13.6338234330181 13.6047577489064 13.5605974988435 13.556003664967 13.5465658718629 13.5454431376603
13.5311795148532 13.5328440350263 13.534266093396 13.5506029171584 13.5907763960194 13.6640387185314 13.6983802195595 13.7294248038683 13.7635914695189 13.7751553543841 13.7824042173468 13.8000438067163 13.7571791884222 13.71129243986 13.648098729305 13.627324891414 13.588702324611 13.5894420886739 13.6126046270759 13.6375495832014 13.6420110515074 13.6390999710418 13.6733255995649 13.6871783451912 13.6988774718931 13.7289934001276 13.7805993856938 13.8551317530872 13.8668423787957 13.8560179713441 13.8612324558865 13.8792167953851 13.8969438774971 13.88858106405 13.8745104053554 13.890161825352 13.8595840655258 13.8151213668701 13.7670716342323 13.7232454830534 13.6931452268958 13.6446135712062 13.6599811857879 13.6290561107207 13.6083975884724 13.5743582013455 13.5625879760051 13.5353503927156 13.506259749656
13.541630883674 13.5382995242859 13.5119734017898 13.5254079776467 13.5783155301176 13.6392600282979 13.6916269248113 13.7208689969231 13.7434959483084 13.7631617646709 13.7763073727596 13.766106150279 13.7474991390993 13.7147803331343 13.7017589323272 13.670973161022 13.6406929999787 13.6117806649504 13.6281907581746 13.6448437672616 13.6605144032628 13.6548919512562 13.6737527063923 13.7105815710058 13.710619635158 13.7457730434222 13.7862443180065 13.8657297356934 13.8656959037632 13.8732406246775 13.8677112372955 13.9287690025407 13.9233357881977 13.9104115750803 13.8879797639665 13.8697473600289 13.8684737762222 13.8330944459532 13.7864860091735 13.7421210912767 13.7136153168715 13.6967509185525 13.6780104480005 13.6474010990651 13.6269789451594 13.6021352348115 13.5780958008929 13.5386631537284 13.5173869017212
13.5617818913921 13.5316558163028 13.5080548259192 13.5322083853645 13.5850646896655 13.6345262131306 13.6706397977761 13.70452139683 13.7429053095951 13.7548808724115 13.7638756516056 13.7470388211421 13.7254578953056 13.7420015175478 13.7282536789492 13.7182019882771 13.6907112060809 13.6698190150235 13.6396063208262 13.646689798043 13.6781403958986 13.6579643671497 13.6830307480392 13.6955121047373 13.737769917829 13.7565122420398 13.8172082550042 13.8525945473575 13.8633620696623 13.8638854464838 13.8940094306021 13.9074883123149 13.9240825946585 13.9105898928223 13.8847470206698 13.8897778166011 13.8677016323196 13.8417026588593 13.7978365838322 13.7706027094725 13.7518433313317 13.7154327095175 13.6762862745153 13.6611677210855 13.6505105687959 13.6212356636115 13.5680306706283 13.5384165834369 13.542995149958
