www/BIMAC_interpolation_sd.asc
NCOLS 49 
NROWS 37 
XLLCORNER -0.25 
YLLCORNER 34.75 
CELLSIZE 0.25 
NODATA_value -9999 
[rows 0 to 24 of 37, columns 0 to 48 of 49]
-9999.000000000000000 -9999 -9999 -9999 -9999 -9999 -9999 -9999 -9999 -9999 -9999 -9999 -9999 -9999 -9999 -9999 -9999 -9999 -9999 -9999 -9999 -9999 -9999 -9999 -9999 -9999 -9999 -9999 -9999 -9999 -9999 -9999 -9999 -9999 0.2700091909389 0.273181422261326 0.271022822744764 0.250479819103015 0.244027434040158 0.264888792342733 0.289272662450325 0.278862709931119 -9999 -9999 -9999 -9999 -9999 -9999 -9999
-9999 -9999 -9999 -9999 -9999 -9999 -9999 -9999 -9999 -9999 -9999 -9999 -9999 -9999 -9999 -9999 -9999 -9999 -9999 -9999 -9999 -9999 -9999 -9999 -9999 -9999 -9999 -9999 -9999 -9999 0.20226053164213 0.24879426914154 0.263578848287942 0.269149947732639 0.261784313071821 0.255324321427418 0.253698819195402 0.246055990226964 0.229347366610864 0.246969881594559 0.274542011273374 0.273919605997585 -9999 -9999 -9999 -9999 -9999 -9999 -9999
-9999 -9999 -9999 -9999 -9999 -9999 -9999 -9999 -9999 -9999 -9999 -9999 -9999 -9999 -9999 -9999 0.270308331282417 0.247206116231001 0.249143128006108 0.263318220533606 0.263236891558761 -9999 -9999 -9999 -9999 -9999 -9999 -9999 0.193143869654963 0.181373409023289 0.21692964655904 0.249611218372837 0.264198361995857 0.266099798315312 0.246848109840856 0.23271491925159 0.237964981986439 0.23558329789896 0.236914970940349 0.228553610847718 0.267081765839259 0.28287348937893 0.278465478679599 -9999 -9999 -9999 -9999 -9999 -9999
-9999 -9999 -9999 -9999 -9999 -9999 -9999 -9999 -9999 -9999 -9999 -9999 -9999 -9999 0.284949024456011 0.281651694153712 0.257254880493211 0.241203464862993 0.222367135015887 0.235331159497749 0.238148687405667 0.233482198963412 0.227907989899944 0.227697453579621 -9999 -9999 -9999 0.208840599182227 0.20412963451989 0.205173550197236 0.234855790069959 0.256833210712545 0.269010908899146 0.261588662746629 0.245801964407426 0.225142050648236 0.226776405286804 0.241806057077427 0.243015510426601 0.250665582408756 0.264711666016825 0.288133359314559 0.288345324395539 -9999 -9999 -9999 -9999 -9999 -9999
-9999 -9999 -9999 -9999 -9999 -9999 -9999 -9999 -9999 -9999 -9999 -9999 -9999 0.265164842173602 0.256186487144958 0.249972033258798 0.235205363468367 0.219060076416871 0.204903309862458 0.198143333849695 0.211354757361237 0.216753247267962 0.214798109086647 0.218850340723265 0.221035558999582 0.208113579027909 0.20347043253024 0.198775795178439 0.192451474521763 0.225655906233167 0.259858699817847 0.267170083563964 0.266439641509826 0.259173210005313 0.250958154180373 0.227927263876509 0.234119752212361 0.245683554900217 -9999 0.262562775835077 0.270874892447215 0.275715887460778 0.282753620078936 0.288416434511963 -9999 -9999 -9999 -9999 -9999
-9999 -9999 -9999 -9999 -9999 -9999 -9999 -9999 -9999 -9999 -9999 -9999 -9999 0.260738729722358 0.242772559493282 0.232533460619997 0.217511856017644 0.214281244837329 0.206331139246903 0.215860210494835 0.212929141261237 0.210779720878461 0.210224033902468 0.227719827707697 0.231722352429688 0.235751488104643 0.223223827969364 0.199764088835103 0.216941592329682 0.22633055738504 0.254500925072347 0.247509917308735 0.249950814604959 0.242160075637347 0.252501902900809 0.255652013917269 -9999 -9999 -9999 0.280499254874001 0.272578458334853 0.273888400727862 0.280443875269753 0.278748430964012 0.285762010357401 -9999 -9999 -9999 -9999
-9999 -9999 -9999 -9999 -9999 -9999 -9999 -9999 -9999 -9999 -9999 -9999 -9999 -9999 0.248532275369842 0.231764128781831 0.212137458027218 0.211654988137073 0.225120885023426 0.235273237466786 0.238360833946899 0.214529620725497 0.210041998570498 0.227059153177475 0.249433839859596 0.249084407393629 0.229236021001686 0.226196616519202 0.227389697395034 0.236266065305282 0.246157425147852 0.249161204158602 0.233364078269977 0.234979833071452 0.266367920237861 -9999 -9999 -9999 -9999 0.270852117384125 0.276845302815463 0.274956722872139 0.262790260263318 0.273593124117224 0.261163359544581 0.258903960871298 0.261416563363081 -9999 -9999
-9999 -9999 -9999 -9999 -9999 -9999 -9999 -9999 -9999 -9999 -9999 -9999 -9999 -9999 0.230795890808226 0.216977831387184 0.20527184504651 0.223688929874885 0.240773637374291 0.267819978442741 0.252781166839521 0.249237186452227 0.221819779851517 0.243042656857151 0.264593043695162 0.27338999250722 0.251578656203761 0.237397182359675 0.237015925650204 0.244322239537046 0.25693886441332 0.241480606096115 0.221586868845126 0.236830886319638 0.268498146808375 0.297054485961606 -9999 -9999 -9999 0.269594919644491 0.273508671244729 0.27048290953903 0.274051407605125 0.265948046266817 0.259603434116357 0.247137413319563 0.251064485392971 0.277509900723827 -9999
-9999 -9999 -9999 -9999 -9999 -9999 -9999 -9999 -9999 -9999 -9999 -9999 -9999 -9999 0.199161502274346 0.210266513007201 0.201785015220413 0.224826640636184 0.241977342786976 0.251781128657576 0.254143769321776 0.249060399812653 0.232204055733385 0.220023060040362 0.248578196980899 0.274609606802169 0.256663937461121 0.227926865812758 0.229825623329626 0.249426379536542 0.259105439882481 0.239268978089602 0.229995173729288 0.238788521519064 0.262782954316098 0.275164873408603 -9999 -9999 -9999 0.264842881126927 0.268890379421024 0.269056000433705 0.27428319632388 0.275402932439668 0.256632312972472 0.250046331700552 0.245222379124152 0.274525170954468 0.297476667465913
-9999 -9999 -9999 -9999 -9999 -9999 -9999 -9999 -9999 -9999 -9999 -9999 0.170379696041267 0.190411127721843 0.20409844680191 0.206267235753774 0.209655057078745 0.218684861054877 0.224245884161536 0.235011902782693 0.244230359898337 0.25278068659685 0.222647766822618 0.215266822390495 0.229687241263941 0.263583127577339 0.255233358770956 0.24062916787691 0.231052591355282 0.251971669886625 0.256593065261754 0.242646556665533 0.232853626948185 0.243320777757637 0.262074532297142 0.275352622934896 -9999 -9999 0.287632945908461 0.278939703141905 0.263412675842844 0.273755671470032 0.28205355885658 0.29477520503263 0.286300730780507 0.269480463057775 0.26403549616303 0.279055357006812 0.275108048900738
-9999 -9999 -9999 -9999 -9999 -9999 -9999 -9999 -9999 -9999 0.22461883001008 0.195786615659945 0.189127231185456 0.206249638633944 0.215994156308785 0.228119795911871 0.212214190928122 0.216304401270735 0.222987954577384 0.237456588061964 0.246591433235418 0.237613983598236 0.221967840443921 0.20224295489457 0.213401154591069 0.230999726928399 0.24950132217055 0.228054705370019 0.237971646444677 0.243988337854404 0.2589583440594 0.253214627708973 0.244236076499857 0.256143243014562 0.274395299780522 0.292284751823132 0.302311141008423 -9999 0.29868013995535 0.276251782102614 0.270245079076832 0.27717964412184 0.292997280979451 0.296911264262833 0.285873376040042 0.272376778457023 0.259987583407672 0.259307354507443 0.266016642630073
-9999 -9999 -9999 -9999 -9999 -9999 0.250168610647728 0.232908354266503 0.228801812964146 0.238207942736936 0.220175288511075 0.211656980511995 0.197044052947783 0.217978787221311 0.228374654691806 0.224825819098892 0.220195294157492 0.218368565129177 0.237156879121389 0.250959803383767 0.253824892127375 0.239058550950631 0.223281126401783 0.201604635002409 0.205799722406309 0.221361178340655 0.222298539603927 0.213661172575707 0.217042457031969 0.243011740345243 0.254347806514599 0.246649104074286 0.257966613152125 0.262499540224363 0.287800287826263 0.299311724071402 0.310334136862099 -9999 -9999 0.277449289738389 0.275114762058231 0.292571291614256 0.295832303925497 0.298052143780458 0.281879932780273 0.268936908522535 0.25061525101054 0.259826022884171 0.274420200764102
-9999 -9999 -9999 -9999 0.298177980887676 0.276693573783974 0.258694395209808 0.232832289154796 0.227390007748587 0.222112595243292 0.215509617453168 0.213671190244514 0.225186800636478 0.241468598303693 0.237291601609381 0.236633046750296 0.212878862810874 0.217652071698117 0.227439315546581 0.233150852877539 0.244139712036456 0.237906009466348 0.229119652826582 0.206504938427097 0.219772662915601 0.218654346596049 0.214875157158444 0.205248337152313 0.224144119682095 0.239756140104868 0.253639164916674 0.247381617236444 0.248013092099945 0.271942373209007 0.281807732048796 -9999 -9999 -9999 -9999 -9999 0.282586933266696 0.284101313993767 0.284423857948876 0.276195982597018 0.279715838523435 0.255186156440432 0.256200072616205 0.273699846984107 0.291690733799025
-9999 -9999 -9999 -9999 0.281086112489789 0.269474523759144 0.237645158275996 0.231553251284902 0.210355441619121 0.23271401907028 0.229867185260327 0.221694888228493 0.222519039053109 0.214669587509929 0.214385815663997 0.206180697808421 0.21045661960655 0.207791101163775 0.212825600403856 0.223140767675444 0.234774111580003 0.247810700207981 0.247261275775297 0.244145002265073 0.242386824708664 0.215707607035454 0.204223957501459 0.191474238050382 0.222299460091174 0.261400361106074 0.266505017220738 0.250763667381675 0.252957075119197 0.264501618634421 -9999 -9999 -9999 -9999 -9999 -9999 0.275338429431934 0.256679606600776 0.251215911374322 0.267224141578311 0.265463862149252 0.257038236731166 0.267721211783454 0.282134093222192 0.292618206078763
-9999 -9999 -9999 0.2677039106022 0.252070985697278 0.257065843954814 0.226947550009257 0.199781975263488 0.222883906169114 0.241577935613125 0.252196076548889 0.222774928606372 0.21106120150195 0.202224305618599 0.197404176228162 0.219686117158517 0.228922826497671 0.24300682972994 0.22074513955507 0.247481925553289 0.250687515073639 0.257633798714215 0.276625277620936 0.280233557731791 0.256736523361728 0.253740439133468 0.20848973999564 0.199449492541178 0.224715039928511 0.277591890532387 0.272976676053781 0.25955915429079 0.262177171779605 0.27780022210662 0.289235233928351 -9999 -9999 -9999 -9999 -9999 0.257663279603503 0.253546210448241 0.250961288734874 0.252364600448451 0.261698544665645 0.267043834629154 0.271992668769166 0.276666623225935 0.28505630726896
-9999 -9999 0.260566807441067 0.257651656701168 0.252963011339251 0.224803652886939 0.214234188418662 0.213940598845647 0.242582863094045 0.276281081165062 0.257179015988325 0.226385675945568 0.210922959291579 0.2118385714913 0.221843107699804 0.238024304257831 0.275254213856078 -9999 0.254645582357198 0.254472080742744 0.251431972697473 0.261935019473625 0.265441029289533 0.274113081475901 0.277869752113268 0.258152246352895 0.232081684326518 0.200608516613093 0.223811252021885 0.258218273108801 0.258701729674731 0.259876836340432 0.270710414700642 0.292228162719697 0.296279569103936 -9999 -9999 -9999 -9999 -9999 0.25951137142677 0.272612971312155 0.267053217100758 0.265264150625639 0.274575032477514 0.286595377661596 0.289654772648119 0.28909639616845 0.289709303338899
-9999 0.285075176911652 0.266197341557732 0.264866482232385 0.258043866135722 0.243932597299573 0.228606043747817 0.257481232327567 0.267175786200578 0.252566778114023 0.254494495260769 0.216387645541211 0.228576775064154 0.247107048272209 0.259913801819049 0.272956359355997 -9999 -9999 0.244808506993179 0.257361823978651 0.256165833902065 0.252183372766345 0.240100032801133 0.266790133414955 0.263738926899583 0.265255924634529 0.232479040975972 0.232283661220888 0.219367422472287 0.235142972214109 0.238860674961342 0.255531700994253 0.273385406468874 0.288310123674886 0.287086112365596 -9999 -9999 -9999 -9999 -9999 0.276291519949561 0.271016865916238 0.281824223877276 0.283836959004113 0.285094528762656 0.29878093562722 0.306736340816581 0.299090073257899 0.288896362391269
0.300897953008954 0.287955404718318 0.268491410747612 0.263008863341613 0.282607106011335 0.258935553704257 0.272245457717272 0.275279025469349 0.271313639530989 0.254471726750809 0.255742717462102 -9999 -9999 -9999 -9999 0.249854421773782 0.267795275851485 0.250404566483216 0.243571954212492 0.259362257243285 0.268864878186874 0.248113172846045 0.24345451046813 0.251379038315077 0.274947859184096 0.271043038633904 0.259228843110541 0.232810970245783 0.233929908196326 0.233840371641054 0.252957431793086 0.274771732220301 0.278671377238516 0.272936114429557 0.263280951665978 -9999 -9999 -9999 -9999 -9999 0.26440118600015 0.269859621244024 0.279161369115816 0.288284410671074 0.281854732977638 0.290607998060502 0.295453591155191 0.288873346943214 0.287864030427522
0.289864951458948 0.268600857271717 0.261193197249748 0.272299175866786 0.285807980142715 0.282220348855108 0.27859452846452 0.274488778388189 0.280721567082024 0.270841337874801 0.271877277467694 0.282479605744011 -9999 -9999 0.230134640463257 0.227561067969596 0.230828117658443 0.252780432902386 0.270262833163816 0.286103610294469 0.286805825461472 0.269624878017243 0.243458415842694 0.258442342493794 0.273524665162619 0.294407451120692 0.278207886619027 0.248032771333727 0.231247571756932 0.253410104506642 0.265089420912875 0.282423915497827 0.269963128814874 0.26299907919688 0.246155825197006 -9999 -9999 -9999 -9999 0.260622388863022 0.261775308472689 0.263269630732084 0.270446364595896 0.263750838661902 0.278971926333132 0.26699063083716 0.257216757498125 0.257635330888125 0.260714599661277
0.271850507188932 0.269408604889853 0.27190831478671 0.283020679341737 0.287363545617839 0.270769733033961 0.25446132360706 0.260128087892664 0.280264365593724 0.283863974888497 0.279920333984959 0.291167467685305 0.286202223186451 0.272653962593555 0.258431533938142 0.219963681890675 0.232809927435654 0.263040270959544 0.280436685506989 0.272761100761245 0.279938452811432 0.257245522815614 0.248058869230464 0.245416601149148 0.276388655774787 0.284351126138871 0.281282372075964 0.255975170505997 0.252352454891408 0.250158837798176 0.24923509857272 0.249930167428227 0.252544558808637 0.25104583076807 -9999 -9999 -9999 0.260364787730828 0.269043415654977 0.265321120474139 0.268182406861695 0.271103379534298 0.25984733938852 0.267942346033577 0.2642061260001 0.266634758928456 0.252370400296961 0.242086580406849 0.23837089612799
-9999 -9999 0.293867495553838 0.290013055346009 0.283669084387897 0.274601630117196 -9999 0.261992585841724 0.263124325508811 0.285151979158583 0.296421518336879 0.291934507209719 0.284794561656002 0.290801676135983 0.26575552063994 0.258585405783321 0.259554070620551 0.276232568750585 0.268178981868758 0.272260810781612 0.265450384097694 0.25464014544201 0.246636018432891 0.257569982325733 0.262932164615188 0.262407016347097 0.271758207351109 0.266701345447019 0.259837093749215 0.249515024815095 0.244991163118167 0.239577633476561 0.231086242066355 0.231139274401714 0.23873756833346 0.259165919803561 0.258852267126574 0.245160420543845 0.250116531268414 0.279490593977601 0.278219316241472 0.276248500504176 0.27933827808418 0.273320003889374 0.269976737411567 0.28025468307666 0.273027930295888 0.263495794384365 0.248835904340094
-9999 0.295334434464063 0.305023094200165 0.291830550414222 0.283445008218442 0.289429592662999 0.294692122264766 0.266783054381357 0.266112070858399 0.287706470513628 0.285265139691188 0.266568339623861 0.271365646865012 0.275663280233435 0.297317498647804 0.287995426396297 0.27749069544443 0.257711438433224 0.269700940616025 0.270891029467702 0.283811441256633 0.273452347234053 0.278270436342483 0.269318287762419 0.264377389474572 0.24893204805432 0.255459348108659 0.258176445788204 0.245472052389677 0.253260807075981 0.263644971576994 0.251246666313077 0.232200305399098 0.22229551733809 0.234208762578219 0.246389260800881 0.251833610310644 0.236999210810782 0.249412378377686 0.272108937832551 0.290250547891784 0.297940369849071 0.282365620016521 0.281286205453177 0.267107634279634 0.284412440526502 0.287298816661728 0.2973698608438 0.301481131253075
0.269458635802531 0.298032928787623 0.296064596563353 0.288678489643535 0.278006429372818 0.294107787683107 0.287155694763201 0.283453720193665 0.272115190103383 0.285535576952191 0.281033268082124 0.255202237256928 0.246555204625082 0.280027544544309 0.291215996189764 0.287668746015399 0.274099500945505 0.26097138963561 0.272306421122643 0.298062528529477 0.307758464980998 0.306875166009643 0.29944314167171 0.283103611543123 0.262386610440281 0.249241921393661 0.248438409369388 0.230443870095332 0.238220784163171 0.254346726975528 0.280998806930941 0.24967887747445 0.229242998401709 0.210324740696094 0.224308506742093 0.212804806146691 0.226914924161727 0.246220054098229 0.247157546433523 0.260233172598634 0.274665168696884 0.281321478214329 0.271093626370945 0.255326146334953 0.260091594317452 0.261718587471926 0.273434268730835 0.287244197851768 0.292995329006831
0.280368285864678 0.280705670021332 0.295910490956942 0.27900619606711 0.28586238297652 0.289964332267486 0.304178159187921 0.287318762052966 0.274749031243523 0.271130061003859 0.268935500008781 0.244120573640486 0.264231675889682 0.275359161422942 0.29458682340243 0.292652031080408 0.297000190099829 0.285003243803653 0.287375949509956 0.299301976075398 0.309529802259165 0.310433760802341 0.299409913813547 0.268759883922053 0.248830566944815 0.246820992420171 0.240373228373889 0.230737820643319 0.223191408020426 0.239169185445264 0.239457745515155 0.219087544560536 0.189935016594978 0.216561151105366 0.217111993279735 0.19220849735218 0.200654830333471 0.219898684871221 0.231428245549936 0.231985064322109 0.240846639745392 0.250524507164714 0.245419584269657 0.251421928068076 0.236761864331452 0.251154096774668 0.262767393129563 0.264460770773864 0.268608300088316
0.275779006745827 0.286749978515202 0.272501033309753 0.260370977694151 0.261059019624935 0.280755413816847 0.285152255162808 0.278515134035975 0.275231630841309 0.262392107013143 0.267325182772413 0.26746106211658 0.273529579388821 0.279412814245944 0.279450654254191 0.290422308105247 0.299364805919075 0.292581965749332 0.292273619159445 0.284935544626726 0.283434522261914 0.285112100793585 0.277457056157796 0.259993091660775 0.25917579792556 0.254818630738039 0.248274933326648 0.224855914818484 0.222913577234071 0.218299647459685 0.225282445568016 0.185262467715049 0.195227658230615 0.196125755089194 0.201755555487387 0.181500785929611 0.166955880802768 0.180431132978487 0.185426430782794 0.191746265121431 0.196982581167106 0.207582036632673 0.22432613097689 0.223964651110733 0.244894165311964 0.238904874513966 0.259670937939231 0.26519508312773 0.253238981179709
