processes/BIMAC.asc
NCOLS 360 
NROWS 156 
XLLCORNER -180 
YLLCORNER -71 
CELLSIZE 1 
NODATA_value -9999 
[rows 110 to 131 of 156, columns 98 to 146 of 360]
19.8221544033536 19.2758952816613 19.5063452241875 19.5344966081371 19.491100599557 18.6318003038226 18.0254103630686 18.2519472637084 19.4874043738817 19.5990428423224 19.974339600838 -9999 -9999 -9999 -9999 -9999 -9999 -9999 -9999 -9999 -9999 -9999 -9999 -9999 -9999 -9999 -9999 -9999 -9999 -9999 -9999 -9999 -9999 -9999 18.9821021795842 19.3471720877562 20.8404433737944 21.8964410500303 21.9311397612056 21.5982604753088 21.9656350425218 22.0889498467768 21.6678497021802 20.5570922206867 21.1003773537505 23.2132785537986 24.5678763096973 25.7813354277391 25.3611475951927
18.8924775014747 18.0953986221282 18.6062339845678 19.1351142174007 19.6452553182387 19.6385529159969 18.6282839012263 18.7186477842769 19.1536856314366 18.8634428589143 18.7094735479274 -9999 -9999 -9999 -9999 -9999 -9999 -9999 -9999 -9999 -9999 -9999 -9999 -9999 -9999 -9999 -9999 -9999 -9999 -9999 -9999 -9999 -9999 18.1355640393787 18.8055600917699 19.1729191653952 20.8608105684929 21.7225968192032 21.7071787163987 21.8689555946471 22.4895698884408 23.3167172619558 23.2538806529263 22.5981429873609 22.9781480134736 23.5539244361066 24.4320112115973 24.8383645139827 24.8823132773583
18.8736705696998 17.463394642172 17.5632050276903 17.6985918147914 18.3536750199442 18.3975312198536 17.6654981451125 17.5420878184049 18.0768548978515 17.4879221825159 17.1962221488795 -9999 -9999 -9999 -9999 -9999 -9999 -9999 -9999 -9999 -9999 -9999 -9999 -9999 -9999 -9999 -9999 -9999 -9999 -9999 -9999 -9999 -9999 -9999 19.0251742207595 19.9624811212992 22.1598351185955 22.7651254286161 22.6021855264847 23.0681243355336 23.9686767582952 24.3747983500949 23.8305185339081 23.0263940845455 22.8787136658066 22.9111463403135 23.0106416771475 23.3413902622806 23.8141098517829
19.709176393122 18.2234728449561 18.0239425091756 17.5633978157243 17.8447653374747 18.3336127625096 17.7722769656262 17.7712464563685 17.0310744124441 16.458801413328 15.5657815203447 -9999 -9999 -9999 -9999 -9999 -9999 -9999 -9999 -9999 -9999 -9999 -9999 -9999 -9999 -9999 -9999 -9999 -9999 -9999 -9999 -9999 -9999 17.6739075605228 19.5737726359764 19.7153391311837 21.9059553455442 21.874291252943 22.4852068612804 22.2504646987968 23.3646594756222 24.0565681595967 24.3724819383735 23.6441317617821 23.4022925208513 22.6314041157723 22.7791408424224 22.2577927999702 22.9082862819062
20.3739723500314 19.5333452817667 18.9386697888796 18.1951158834516 17.4860540028648 17.2591087559658 16.7019767094835 16.7455111172974 16.0268356608609 15.9897853487195 15.3723413598408 -9999 -9999 -9999 -9999 -9999 -9999 -9999 -9999 -9999 -9999 -9999 -9999 -9999 -9999 -9999 -9999 -9999 -9999 -9999 -9999 -9999 18.7562389294703 18.1061140902195 19.411379412485 18.832235641657 20.7533400637861 20.8505614973596 21.973031780182 21.6717957142573 22.7114051461569 22.8887128835462 23.3701519762145 22.5947525514788 22.5368623378 21.9663777218974 22.3238416842949 21.8462089044457 22.1563783244914
20.4878719820979 20.1350398939054 19.768830552688 19.3817830716468 18.5873492295353 18.1277986556345 17.2358109629426 16.689548712428 15.52549110342 15.3549934360772 -9999 -9999 -9999 -9999 -9999 -9999 -9999 -9999 -9999 -9999 -9999 -9999 -9999 -9999 -9999 -9999 -9999 -9999 -9999 -9999 -9999 -9999 17.8340168590118 17.7429659808675 19.1644525068282 19.3133129251416 20.9618464998932 21.6421017767801 22.4836912594311 22.6991456255572 22.8068649781053 22.7403282037947 22.5997694692661 22.0682930880249 20.8831387835417 20.6845942167042 21.3898350468959 22.0690075453076 22.132782987951
21.2725869390516 20.7104370532269 20.5360888834257 19.5506129510688 18.7992597505567 17.818850848714 17.3169997187054 16.869125278738 15.8838329251556 15.350923075306 -9999 -9999 -9999 -9999 -9999 -9999 -9999 -9999 -9999 -9999 -9999 -9999 -9999 -9999 -9999 -9999 -9999 -9999 -9999 -9999 19.4030552295267 18.5587351378021 18.9381276178691 18.6671835886097 19.5259855851571 19.5087837809385 20.1306814559784 20.4979150750578 20.716596216371 21.8860517199534 21.6829908390853 21.6143853867899 21.6069776010765 21.2836745252711 21.0104192257629 20.6534451753326 21.4726519073892 21.7733886103058 21.5164995194485
21.2233488027977 21.1282847289004 20.7718632333678 20.6030073132398 19.5115618749899 18.3563435757917 17.0132136522678 16.4692948144897 15.7847108317709 15.3010448160112 15.0144815537185 -9999 -9999 -9999 -9999 -9999 -9999 -9999 -9999 -9999 -9999 -9999 -9999 -9999 -9999 -9999 -9999 -9999 -9999 -9999 19.8508787589027 18.7562018320432 18.2441269798805 18.2952913201326 19.4011511086623 20.7686996408813 21.6760745950498 22.2992162962591 22.1424212952498 23.2436118908602 22.6955905753596 21.4888418833587 20.690852423958 20.1028877354339 20.1262091165681 20.2096462059082 20.6753448919099 21.1404167053792 21.038799565863
20.2213175664694 20.5619407565859 20.0504371723882 20.2146436187451 19.3447289612231 18.6219984723688 17.3458515850686 16.9962111073062 16.1197057296409 15.703238198624 -9999 -9999 -9999 -9999 -9999 -9999 -9999 -9999 -9999 -9999 -9999 -9999 -9999 20.0214300589862 -9999 -9999 -9999 -9999 -9999 20.996613883666 20.2027208361687 19.2461093453244 18.9790439381163 19.249476161899 20.1570111922585 20.6053029223547 21.750563107707 21.7768747323526 21.9669571508637 22.1543550421987 21.9343875406462 20.907756587788 20.6289285404354 20.0608292921201 21.4208675364242 21.25040653199 21.5675218934638 20.73284656209 20.3450235575867
19.6095184139773 19.9490989965415 19.3422166352677 20.0392974188946 19.1898384013419 18.9127190664048 17.4225857698368 17.4006634849878 16.5343414607681 16.583167611011 -9999 -9999 -9999 -9999 -9999 -9999 -9999 -9999 -9999 -9999 -9999 -9999 -9999 -9999 -9999 -9999 -9999 -9999 19.095968024826 19.80799861832 19.2480889912402 18.6129281192549 18.1849341272522 18.5666446525705 19.1129651808993 20.2820255237896 22.0779540387472 21.9654798862718 22.1296642454217 21.9549782769557 22.8697156889059 21.809863115181 20.5030545984973 19.8203973568115 20.0953281011476 20.6666030238936 20.1787244869396 20.1012729747875 19.4208669894399
19.1694655464629 19.1834646258163 18.4814597215019 18.9958948796285 18.7855075400341 18.6870951258401 18.0638379695946 17.7216017215557 16.9787559043068 -9999 -9999 -9999 -9999 -9999 -9999 -9999 -9999 -9999 -9999 -9999 -9999 -9999 -9999 -9999 -9999 19.3567069466634 19.192145885685 18.6815142729421 18.9487526961787 19.2093644133691 19.1924753272743 19.0028223528199 18.9368269076224 19.2148727941025 19.2682207370486 19.6702357476906 21.0151714589489 21.0950617211184 21.3790346415888 21.334126723048 22.0077209206122 21.792499720157 20.9362891089204 20.408686126409 21.020782012435 20.8378343284299 21.1110191947116 20.5949402897561 20.281748478431
19.3069880038256 19.3212181206206 18.9753913041468 19.063441668002 18.9193641579028 18.6696012103849 18.3975356826521 18.2236717824946 18.0155757545402 -9999 -9999 -9999 -9999 -9999 -9999 -9999 -9999 -9999 -9999 -9999 -9999 -9999 -9999 -9999 -9999 18.9616612822747 18.2666577986711 17.3741001432086 17.5939496630474 18.1013890358714 18.4190695875118 18.167772894547 17.9553863786569 18.1982491576177 18.4639845756166 19.1214619953724 19.9477471925585 20.2508178111416 20.5209848402443 21.0169993531997 21.5434623193794 21.5587195447017 20.5734575965878 19.3998387187969 19.4949261279034 18.4460043408951 19.394877812637 18.6393706048395 19.1693307347767
18.3352861664779 18.4385653664928 18.2457990295061 18.7967606531688 18.9406797067201 18.710531093214 19.0771114204138 18.4510971520665 -9999 -9999 -9999 -9999 -9999 -9999 -9999 -9999 -9999 -9999 -9999 -9999 -9999 -9999 -9999 -9999 -9999 18.3166394458114 17.7003643057452 16.5937527884483 18.4744830599409 18.7795541280858 19.6869701661101 19.0551994482171 19.2209950630896 19.0744381392371 19.4706619034576 19.4724780064472 19.9422142915664 20.2607296495422 20.7394857070505 20.7750108995083 20.9137329036582 20.6331117007545 20.7270589329921 19.1720286154949 19.6518912353612 17.9862564983824 19.9357696957793 19.7884777929481 20.7633865335352
17.2826207938113 17.6730601248086 18.0732779818147 18.5282678634157 18.7885163286882 18.5376680342708 19.0367702267952 18.6038647011306 -9999 -9999 -9999 -9999 -9999 -9999 -9999 -9999 -9999 -9999 -9999 -9999 -9999 -9999 -9999 -9999 17.5040127823364 16.6761022080621 16.0390644820081 15.692851945723 17.8221935562971 17.6767220602574 18.8016072530935 18.3215095745023 18.4833748888412 18.3439537343746 18.0613581692337 18.5203344037358 18.9782253457841 19.7114877306401 20.1075550618204 19.855651227668 20.1511555178768 20.0223958741461 20.4094218983523 19.2304891092513 18.708566553689 17.5190989641033 18.3655804688301 18.8904422649411 19.7026176039726
16.5691313491928 17.1165498852233 17.2745134189452 18.2179303014231 18.2172926283898 18.1041061439463 18.9199903808232 18.6202288235328 19.3210820987286 -9999 -9999 -9999 -9999 -9999 -9999 -9999 -9999 -9999 -9999 -9999 11.4935965221957 12.2505124428523 13.2900379923166 16.5738999120286 16.4961712740417 16.1563948930346 15.1777672197261 16.0160271614132 18.5277165193718 19.1832746190807 20.381649642925 20.0501058346972 20.0341147546709 19.421398647471 18.5662024855776 18.0718466659024 18.6108935696161 18.6470582103623 19.5177254076973 18.7552332632799 19.7373851467612 19.3036168059146 20.2437338528719 19.2979079486943 19.2195497967527 18.4289878165502 19.0054248549064 19.6465876835602 19.8606000474989
16.2664347357715 16.9017088895993 17.0633527960164 17.6939505052497 17.3856199239822 17.5344788890745 17.7123853211021 17.6263352439525 -9999 -9999 -9999 -9999 -9999 -9999 -9999 -9999 -9999 -9999 -9999 -9999 12.3983072636608 13.1071352693641 14.0481979985 15.3166671816887 14.1246401526031 14.0149303121453 14.1987324121075 15.898820505552 17.4635348812239 17.8683007532445 18.3652110133189 18.0488669498029 17.63287809618 17.8217644375879 17.3431861869881 17.6188016838926 18.2613679668574 18.2890519690038 19.7090754010922 19.2524192380362 20.4851925672057 19.504563205879 19.3400965153535 17.9191688192503 17.3032263084362 16.9288494145664 17.0889977576208 17.2765519708787 17.2934599345289
16.3790167372957 16.8117809904317 16.5129099842842 16.9383862208395 16.0931560596862 16.6416204256048 16.2339385896085 16.6079447411577 -9999 -9999 -9999 -9999 -9999 -9999 -9999 -9999 -9999 11.3615637955021 11.4548782861775 12.8141182330292 13.4952671551873 14.6351673814751 14.2229648660267 14.2520486976451 13.35424721683 13.7879605650867 14.8954573244083 16.5115310221606 18.0200126131614 18.8518431389777 17.9543699569328 17.8325523469521 17.1325245061325 18.6504476522971 18.3624502369773 18.3275540962049 18.423755786296 17.6604681498078 19.4531272766355 19.0461626626798 19.7375709841356 18.1876701869358 17.6299871572104 16.409810932182 16.1377061316742 15.6522804926649 16.2095235394401 15.8495282701628 15.7559559182796
15.6178943816013 15.9791967553383 15.9482771356023 16.3000640309938 15.6502836170263 16.4910339831641 15.3096403258136 15.4173484880013 -9999 -9999 -9999 -9999 -9999 -9999 -9999 -9999 -9999 -9999 10.7136237771471 12.3612589825181 12.5722835583167 14.2560933218879 13.2316580688815 13.633855137553 12.6691261171577 13.2594174883153 15.3739657337906 16.3373116260468 17.6814259041585 16.2129569243919 15.9649727531818 15.8582869969008 15.9624751459595 17.2763204800529 17.2106691584749 18.1835899565704 18.0484155854911 17.6904662370739 19.2260568278764 18.5236663468763 18.9107375002571 17.1174744187745 16.4786092235846 14.9553216989166 14.4082659234054 14.3246823196268 14.8455573820501 15.0609287842859 14.9279262176002
15.716127242881 15.830214294892 15.8851767198611 16.1567180942868 15.7072967889959 16.514276125041 15.2887372179186 14.7434108754559 12.5749662686834 -9999 -9999 -9999 -9999 -9999 -9999 -9999 -9999 11.2407439663318 11.2749625450566 13.256020695391 12.7797674222363 14.6969946173049 12.9627266308719 13.8382265449375 12.9012265597459 14.5131638825982 15.5575819342098 16.1239547904504 16.2635423105699 15.4241256401858 15.7751329057196 16.8572796373796 17.3781157616215 18.1803036134642 17.7674047507064 17.9789717802044 17.5796726483861 17.2984528799698 17.7304772363062 16.7420701637575 15.9807656741476 14.9689777501854 14.8347023769629 14.4222002760097 14.5622985003317 14.3052402355954 15.0128707841702 14.7415860714667 15.0069352497154
14.6294787181297 14.8984743792257 15.4972129117896 15.9993039261848 16.1239904271429 16.4593777114205 15.7971965598835 -9999 13.4034122145583 -9999 -9999 -9999 -9999 -9999 -9999 -9999 -9999 11.3120474914786 11.2561918328366 12.2445916776648 11.426837818569 12.8097407437601 11.9649251081486 13.2796536463383 12.9272896470701 13.787239246816 14.5555183952063 15.0863182208415 15.3962541562359 14.5251258061586 15.6263961917444 16.5785866419521 17.0346349331465 16.0745506683139 16.1628749552331 16.4242560144694 16.8542420483622 16.6643187233093 17.3005104285291 15.8227992829558 15.9299614386738 14.9621830332945 15.3997905425736 14.2421746197638 14.4493590402367 14.3790341333741 15.0820295574332 14.3671876345595 14.3863767539658
15.2309353209666 15.0325372512034 15.8126721725225 15.7799006865138 16.18100501946 15.9626194772804 15.6752652406276 -9999 -9999 -9999 -9999 -9999 -9999 -9999 -9999 10.1645444687466 10.0943975987157 11.3413676744084 11.2231597138873 12.2639134200899 12.1793044305988 14.3201465851148 13.3369047977922 13.7817888187033 11.9051555443575 13.0879250536689 12.9431245995653 14.6325755961596 13.9021586154364 15.0531362020632 14.4596228234136 16.2165189447105 15.3383632425724 15.6449094296554 15.4927007128838 16.0705296194416 16.3511661378908 16.4720549595185 16.3046675897651 14.9293399543674 14.3193000832769 13.7375630286951 14.091510926468 13.6894780276083 14.148380484127 14.0747196839456 14.5025671335695 13.5659795962429 13.6024775727131
15.1067324036003 14.855492660237 15.2145768908791 14.371757429865 15.3292293225923 14.5493192700719 14.8411570432754 -9999 -9999 -9999 -9999 -9999 -9999 -9999 -9999 10.1566282734358 10.0156981156086 11.1377121834295 10.5706361744198 11.6311391169852 11.543110621589 13.4633330589473 12.2866857435406 12.4906366999444 11.2685818836167 12.3864764826861 12.2225806398784 14.1226484572406 14.2805316479168 15.5635418166739 14.403827501285 15.1501284151486 14.0041257140983 14.2447478426128 14.0648923780091 14.6458653850771 15.0902759133797 15.179026260743 15.4056162156777 14.1768575531716 14.1987459030478 13.5324587237455 14.2922071967446 13.707355930293 14.2157883820752 14.0866433423897 14.3701088168411 13.6659613525942 13.3993151569369
