processes/BIMAC_SD.asc
NCOLS 360 
NROWS 156 
XLLCORNER -180 
YLLCORNER -71 
CELLSIZE 1 
NODATA_value -9999 
[rows 22 to 43 of 156, columns 0 to 48 of 360]
4.41154272015956 3.89056186474738 3.36192938830748 3.46566068806385 3.74487674320561 4.23707907430718 4.78232440746573 5.07279528883295 4.93005479562696 4.24746385962006 4.27360484343092 4.30378401292458 4.64914631869771 4.6467934892108 4.54195389330577 -9999 -9999 -9999 -9999 -9999 -9999 -9999 -9999 -9999 -9999 -9999 -9999 -9999 -9999 -9999 -9999 -9999 -9999 -9999 -9999 -9999 -9999 -9999 -9999 -9999 -9999 -9999 -9999 -9999 -9999 -9999 -9999 -9999 -9999
4.42908448186471 3.93167822605239 3.20960973131092 3.51379581485003 3.78386179031247 4.63746092242498 4.7800882436686 4.95993869618841 4.67283613293878 4.26771125941773 4.47628000923609 4.50064735680439 5.04558702745752 5.00167795485552 -9999 -9999 -9999 -9999 -9999 -9999 -9999 -9999 -9999 -9999 -9999 -9999 -9999 -9999 -9999 -9999 6.35558545585218 -9999 -9999 -9999 -9999 -9999 -9999 -9999 -9999 -9999 -9999 -9999 -9999 -9999 -9999 -9999 -9999 -9999 -9999
4.55931006345355 4.0957191666665 3.31271698462692 3.70071747817279 3.87343571283027 4.47259042671695 4.24942594282466 4.27535314932113 4.23006505845804 3.96891152215679 4.3478734361384 4.20553062425803 4.98962306609624 4.83745874208017 5.41021199272537 -9999 -9999 -9999 -9999 -9999 -9999 -9999 -9999 -9999 -9999 -9999 -9999 -9999 6.74209048844349 -9999 -9999 -9999 3.53804409154165 -9999 -9999 -9999 -9999 -9999 -9999 -9999 -9999 -9999 -9999 -9999 -9999 -9999 -9999 -9999 -9999
4.65064575800737 4.06087525662131 2.87810591837886 2.7795661941871 2.78370308382666 3.77048061569338 4.17389758467908 4.40852975233381 4.30852407409421 3.92633366984718 4.33366098766646 4.08426460087157 4.47146636323366 4.11310401754202 4.52878283176474 4.28060454675636 4.6393591185393 4.3056531108525 -9999 -9999 -9999 -9999 -9999 -9999 -9999 -9999 -9999 6.98923956782843 5.84958890590956 -9999 2.10655048108152 2.87254044327984 2.70586693843824 2.51571027538166 1.33997390516051 1.46849591536453 1.37249693924852 1.62669885213494 2.3565054422167 2.85123537378704 -9999 -9999 -9999 -9999 -9999 -9999 -9999 -9999 -9999
4.62928525537659 4.44812183083346 3.45881310933034 2.6999578521874 1.92868203145381 2.14463381419261 3.54415709159442 4.29206357860849 4.73231006169294 4.24724287185772 4.37289289339215 4.35528024851366 4.30459793528892 3.97830077763617 4.17348959301323 4.13819130002753 4.59982083355863 4.55221530380001 5.35303991771946 6.04763870215483 6.31588257808178 6.55604140411095 6.52325057106034 -9999 -9999 -9999 8.17632752000621 -9999 4.36682154931985 2.74591576432093 1.52907348891466 1.67810731675922 1.54649959937524 1.39866695551231 0.923306415366125 1.01024192544821 0.944831493874652 1.25225635894299 1.99544078213664 2.25952390668774 2.95647916237222 2.84536430072312 4.09505518350888 -9999 -9999 -9999 -9999 -9999 -9999
4.49482854411755 4.69582303209974 3.94735970556595 2.84870067138397 1.74127560839158 1.81449867957517 3.44304205150633 4.29649954325141 4.89398184656493 4.45431794828285 4.27470921277775 4.1425048845796 3.96232604602054 3.88056659779731 3.77472306358803 3.8201032417993 4.15317227188942 4.89201897609771 5.46161236876906 6.08899139075908 5.8994103724098 5.98635925240695 -9999 -9999 4.77698291387208 -9999 -9999 -9999 1.94817745050051 1.65753980100011 0.989045345314245 0.840773096846176 0.623044345671555 0.393980052368931 0.128839894050273 0.240833666627365 0.239905676888567 0.372670081546868 0.899390130018171 1.15816077251529 2.23661171819127 2.28815901740676 2.99785174965235 2.60003196650136 -9999 -9999 -9999 -9999 -9999
4.77705572514127 5.06890323685474 4.69226534696943 3.40360533180736 2.13394645774916 1.66136023388906 3.02995512437442 3.82925322096107 4.6205515990923 4.44547074389187 4.35187165594969 4.25674231064012 3.98946291405085 4.09788192430809 4.03284042882528 4.45748326089365 4.57979771962625 5.2967013857938 5.29545782376121 5.76690875905507 -9999 -9999 3.29583635554517 3.84534542975742 3.63002152748237 3.09680167420843 1.19476610630634 0.717406729590334 0.622716949374451 0.432671193770433 0.248515065384113 0.0922231749813114 0.389469054512047 0.608540007028391 0.606980929086003 0.452881624424704 0.231956878737604 0.374986638344641 0.492051422125634 0.496144398973346 1.18870210353742 1.20680651040749 2.52293222425834 2.72444841504599 3.64674273319648 3.32150585708956 -9999 -9999 -9999
4.64646526511263 5.11063567746357 4.40342376214736 3.17024906097417 2.17330069143758 2.65450739583446 3.3120457997332 3.65133030561535 3.86125760469652 3.97649576828914 3.74559555830785 3.45609246580678 3.55807139347474 4.00849130838092 4.15754999314609 5.03093864890169 4.67422749562671 -9999 4.35250463311667 -9999 2.82621904985414 2.81060586820424 2.15363173622614 2.72136844946981 2.41177622623739 1.99645637488402 0.830603428006254 0.398282427362998 0.227889803299659 0.0932125017840246 0.0897345073254113 0.0891435931069539 0.802812994874945 1.50907131864081 1.62038017934488 1.2849146426809 0.5860102235367 0.476719321634261 0.108173217159811 0.108618034567053 0.45783382032306 0.459336000504638 1.12991895949835 1.91069080360367 2.80865296240102 3.80886252266197 4.22792768936911 -9999 -9999
3.72595115561423 3.79733878322388 2.69030339977875 2.10768286058713 1.74212117833483 2.84981103486576 3.43012990312531 3.48587039268625 3.21461289822613 3.3830769121519 3.4935721772842 3.37207792529849 3.37859207511015 3.74786262972983 3.80356214472429 -9999 3.4621718222095 3.51201318915837 2.88616701593508 2.95247289628444 2.22277332170839 1.86839504650097 1.43212133284167 1.17179177136939 0.771461433646407 0.339410426700463 0.104032357621255 0.10648927437477 0.59596953454782 0.817117024830807 1.19681213362779 1.06561487471691 1.83267554688162 2.44156327233137 2.46783991736165 2.14057081092736 1.487549726295 1.49856430880125 0.838706430671264 0.501995993834571 0.105022421349275 0.103338356460983 0.773265188201875 1.92431977412284 2.70112094246448 3.63696727336175 3.92500572641219 5.45337103014736 5.98712840203493
2.79689371128586 2.7569052447059 1.31109773596635 1.65469448209958 1.88137127637555 3.48162777646979 3.25703944981752 2.71091700421773 1.94800775038717 2.29624786604396 2.30643657548746 2.19143834440937 2.10968404772731 2.47315414395957 2.2113740814489 3.10243307625943 3.07650158343285 3.63142035424546 3.20703133389286 2.54476361140618 1.4322200634519 0.468835829009296 0.242805321418321 0.249301202513608 0.107109073148499 0.104841120217429 0.0976890161289337 0.102837394831466 0.592395853093037 0.818863478858829 1.19819262814686 1.06824812577891 1.56647679262842 1.95969865340297 1.98181677196683 1.9172761548741 1.48095107395025 1.49484510740485 1.28698251380438 0.949283289705714 0.552487346848047 0.103212729883609 0.105615304794235 0.817124256147525 1.24706493966146 2.50160400303742 2.66550289514876 -9999 4.06299951626781
1.92933022549153 1.51288597284358 0.401410490814008 1.19974688397331 1.75879270874995 2.73032696629404 2.39989513113543 1.6431654831009 0.995796967586305 1.39919572644291 1.66681786030555 1.39629398819737 0.880983423576596 0.933799737543516 1.57726911742149 2.35229791423713 3.25185393024609 3.18196907034801 3.44625553779603 2.22713742469331 1.8714957329731 0.813590425375095 0.818911423310675 0.440627182174283 0.400344870804322 0.841440069848259 1.58023514245818 1.73713762337618 2.24057245304061 1.73017335983388 1.65896789089769 1.07001371735974 1.15352913448971 1.44441226265929 1.63644749390789 2.06005506145089 1.71711696785982 1.5650090313369 1.59938661410295 1.45008618677716 1.05107280409504 0.280199416865543 0.270643200643587 0.593611483200621 0.822795322231887 0.996240721319154 0.749382876216452 1.25391467902789 -9999
1.7674492523076 1.40120628530348 0.394735667211825 1.23072581079682 1.53823226198284 1.98599098908009 1.1525587127935 0.652919371669478 0.218419409199735 0.674338137570585 0.678242150701603 0.55971273305985 0.10164398134185 0.489514918423728 1.91338206973614 3.56343219823167 4.396883613095 4.17885875267019 3.82245522038994 3.00356785121354 2.69380289170464 2.15848593934829 2.11754684376497 1.84683731515329 1.88040291396863 2.5164610871931 3.07372543314887 3.3666366301308 2.8304732717814 1.6517783149618 0.565957417530182 0.10406973693417 0.369897241830926 1.03118269477671 1.30629533155325 1.34328049839155 0.675970862089988 0.403653251963661 0.87083866217853 1.05609850031371 1.04951421556431 0.275021846837551 0.270535853747709 0.276774987904237 0.277789876193863 0.101271964964951 0.101921498920376 0.104877465196003 0.373887675441497
2.48992492081182 2.48052002636852 2.04904108884176 2.35423500396855 2.41477537227593 1.87519372411701 1.56826656790855 1.28996307372206 1.64697902195353 1.8716429256207 1.59125721577994 1.62367788223884 0.843263606193244 1.37297093736947 3.16748448189902 4.84620706473051 5.33828197621852 4.32629759162397 3.36223516279642 2.80450274670469 2.86246494470085 3.28662934344337 3.22326178792888 2.92447242908043 2.92540459925812 3.55231352571724 3.9946872721032 3.94448656002806 3.08821225501442 1.64747884466709 0.561569202503061 0.100566696976769 0.372140477314805 1.0334187260973 1.31285621423276 1.58494310520331 0.918598030275442 0.644815170465842 0.42609314511336 0.912765160681445 0.90452026066171 0.575683050268408 0.267126199170781 0.276714129905687 0.282967509306141 0.111989095569844 0.110127222228022 0.107949656922342 0.10687481915871
3.97085797070957 3.75706538265233 3.44155957640729 3.20641517878277 3.34445046259342 2.76384884932196 2.16619699264246 1.52222620844624 1.64124782497337 1.53537879941248 1.62717644162812 1.93966764847959 1.49152833841754 1.87760679804212 3.09810236498183 4.39578636355841 4.06330893316898 3.58987474390166 3.00513430184731 3.57291728906166 3.51574986123597 4.21920685715485 4.04379044257224 4.16779335589516 3.95440124134223 4.15535327748715 3.69859207980394 3.34966040943619 2.36065036599712 1.27486425142339 0.685051830915394 0.365760712901057 1.00575361364073 1.02177972845501 1.02135067241267 0.962280978625462 0.890980643024153 1.16620619669824 0.585732920737427 0.681024322150593 0.925834754148697 0.920409438177529 1.16216256369895 1.0775854512748 1.08639287438288 0.544444568798817 0.111771349789127 0.105280451216595 0.100279147651874
3.91805766222819 3.72107669926389 3.44640604755772 2.81598252525986 2.95511497417551 2.37450296546767 2.16930478428718 1.5232392427229 1.64057686261788 1.53664188851325 1.63053643735754 2.24332854822308 2.20118845044557 2.56125675159089 2.62781008749803 3.30648109422894 3.1312759898983 3.03719658315168 2.73167300143321 2.7621183617912 2.94362545760511 3.61490061576299 3.91139710464258 3.98724668367675 3.58283441137197 3.56116108233246 3.53299791645651 3.07842314128787 2.64792796994988 1.41249744303002 1.08235300446918 0.356687882217937 0.730027626662081 0.470703480541718 0.473989059833189 0.682798779699624 0.894836196666855 1.17053871008082 0.585234126896628 0.678046645343803 0.925027258037033 1.31394159169157 1.73591640031667 2.34147519658441 2.51142358637966 2.15620232566075 1.38595873307644 0.830862549008959 0.818880882993709
3.67180433446068 3.42302261964843 2.87243868686679 2.45542170353115 2.3705093695327 2.49554833386363 1.70170114599921 1.29264612767666 0.544647109554437 0.909539698415783 1.27588392076771 1.85339803613218 2.29314659266624 2.44413874087327 2.41489627057699 2.32424025387476 2.16756540382121 2.17134369774439 2.63737812171462 2.72596972014135 3.31389573779226 3.61451986854316 4.00860825214692 4.14651493235258 3.78984995762495 3.33137827781102 3.33866920834123 2.80301325806779 2.69278738918475 1.40621341135222 1.17119005686406 0.448254698234108 0.82217657607708 0.470712747152162 0.708458364526034 1.0743600674915 1.28641468187046 1.32420490275321 0.580273980138736 0.37278270093417 0.863685965183213 1.25837982398516 2.32889195131911 2.87879626070416 3.47821639678208 2.77331302054275 1.81437175334897 0.831365053654995 1.08012538965399
3.32104168435893 2.7129965277441 2.14033272038902 1.62412305964736 1.57913622240458 1.55810544761641 1.31038110132983 1.58786350121683 1.47722404997887 2.09739165905873 2.318983559816 2.65183073435832 2.72806657109692 2.86560374463181 2.4666513911889 2.5357023417102 2.2848832327826 2.46728017606128 2.38225000469385 2.41222965525364 2.77682147507551 3.10100369542968 3.42813745750584 3.88102390466027 3.56864926762129 3.30618520941246 3.41845703388593 3.3527084107488 3.26018985025275 2.34566516717243 1.89725684937639 1.59505870659839 1.60900130997291 1.08754940927875 1.25946607523616 1.39451280408137 1.39634157755954 0.885340847508617 0.263611609618948 0.264234816839573 0.338733079909564 0.732883958734614 1.26664250909072 1.90665135681819 2.50290897240179 2.33862560191442 1.81392772866991 1.09115942047284 1.69548244770212
3.6185251503041 2.91481028869826 2.67154096510546 2.17178764174078 2.12334304080495 2.17297266384563 1.86321129408365 2.54853254326223 2.55958307021528 3.28185301777952 3.57749786310069 3.6116567489038 3.40477896677764 3.2075670757975 3.13919053368281 3.19298869109886 2.80744692807137 2.53765311245796 2.25113505548522 2.43319028268108 2.51299748159836 2.5273974478774 2.26473370520616 2.93171361150711 3.08481861426283 2.8463995776439 2.81492796524572 2.64775245246245 2.92972279002985 2.2246825724259 2.26191943977964 2.35819173263608 2.71970390190924 2.14502027015621 2.49210237004811 2.28335968998055 2.36514876334569 1.30516695472706 0.683917598806488 0.510603479870722 0.584833971756652 0.58507253650491 0.937759587546313 0.888509518662248 1.32434547510456 0.723933403740547 0.534553413039836 0.685791880105797 1.85729752330263
3.15943330707199 2.14498559131821 1.59338467612783 1.07787744218679 1.0734726613967 0.92086254754028 1.00195058148309 1.65906648583434 2.43802205514032 3.1680115301636 3.90621942955781 4.01562824165774 3.80300207723534 3.61968940826835 3.17272641679559 3.24883405718186 2.41210435911026 2.43866544869966 1.89480001178896 2.43698595499709 2.07539930818285 1.91745194767381 1.5179485566745 1.91903248875692 2.05712206658122 2.29022767024121 2.71596901573686 2.97011889380599 3.359009352424 2.96092563394997 3.30562568010845 3.43334768710245 3.85936903480641 3.45146743354858 3.6859416584581 3.08622391699579 2.69193475035642 1.35299163822404 0.682475301607636 0.507906580708457 0.628306344892556 1.04393087030114 1.31267553439117 1.34281458862579 1.31434539093604 1.02466819438852 1.05815289708606 1.25661067988026 2.34968387917588
1.91220742019768 1.31251253152107 0.636089505972286 0.651415051449668 0.895094017219002 0.966256683558946 0.899629374982205 1.05898508725641 1.86751162863262 2.62246547041642 3.44498028798493 3.51883188388221 3.82538885906011 3.99289045943504 4.02125218942681 3.75439950068172 3.01822744151858 2.49561219865442 1.87866541599207 2.06056768722597 2.0143863997531 2.0362325061829 1.70243739535193 1.60857008047137 1.77029512442751 1.82999167101243 2.03215778450925 1.70201241465954 1.86619028057595 1.47990401712937 2.33075028745244 2.68955581998889 3.46419727412951 3.5166138130949 3.97266411998909 3.66738278324728 3.40633540010496 2.06255386283994 1.22521233038423 0.550321764229231 1.01407588149307 1.87632026047224 2.33927896505015 2.43190324486286 2.14097907211301 2.01061758550985 1.77523342989256 1.94334873747295 2.32561100921407
2.58862424327553 2.06985208930482 1.24704872107614 1.16175485034966 1.33056373856371 1.3243105175283 0.960952381271779 0.480883312848109 1.22696063508457 2.18894294048162 3.34108422089269 3.23300603636473 3.51667999960799 3.64640059716761 3.38956265980105 2.82184612337867 1.82508934608995 1.75635569032462 1.24760888242187 1.64431149905893 1.82432125638187 2.5152346740686 2.3430577462226 2.05373213934457 1.7299355729768 2.22221881125638 2.01400139598578 1.47716215542934 0.833963424824057 0.828687308049481 1.9371840017483 2.57215830167705 3.24940837642026 3.23886489064065 3.58234815704033 3.66620646608406 3.39750006417201 2.72347794098906 2.02313420102435 1.69905652131573 2.09350196443039 2.85204684459102 3.28965711331632 3.30778544097604 3.12955691958968 3.00554981846937 2.85337511982564 2.46120167158179 2.28379422630048
3.81910854231627 3.12884570282033 2.47798423395499 1.70734242513844 1.88554096040173 1.81712696643497 1.45614815338274 0.728459937010438 0.898199805606745 2.16891198617489 3.21644819916114 3.40741228418219 3.5512512104766 3.62579619498506 3.46067986309278 2.49011647544604 1.96412276923098 1.51829615454978 1.45485095938002 1.63586736849166 2.19335760780727 3.27527125626185 3.17920083129363 3.31836926139454 2.71134238581024 2.78507285326888 2.22649100774204 1.36942479769516 0.618198395136698 0.0996152296832562 0.808415287329101 1.6356317225556 2.58625766381512 2.89356078339828 3.36706835402865 3.73782237579021 3.91383929432558 3.69606835529684 3.23249875981221 2.93528431274096 2.93358656731234 3.29790242594769 3.55733619699344 3.587030013507 3.57305740405525 3.26963260342365 3.02257021192719 2.68031322855184 2.28599061106719
