processes/BIMAC_SD.asc
NCOLS 360 
NROWS 156 
XLLCORNER -180 
YLLCORNER -71 
CELLSIZE 1 
NODATA_value -9999 
[rows 22 to 43 of 156, columns 98 to 146 of 360]
4.4661874488545 4.35301282760944 4.61632029515664 4.70872167738876 -9999 5.21888694054893 5.34725408220834 6.13435024240033 5.91192786459387 5.80360872352101 5.13540083366885 5.17777698116761 5.1749768158588 -9999 -9999 -9999 4.912945604532 -9999 4.21874733140559 3.40063171463468 2.68041300281749 2.9199899854369 2.94069838836246 3.0067176405234 2.6597267531746 2.00699353233057 1.60507825558699 1.47709099331417 2.13003875003214 2.8112729968397 3.01475670089211 3.37782675075742 -9999 -9999 -9999 -9999 -9999 -9999 -9999 -9999 4.14053814513027 3.916654001527 3.83508936620642 3.87699768845402 3.69282638686463 3.23119790835867 2.65616758512325 2.34289909081157 1.62300174025542
4.77433869389794 4.65046330337335 4.80734268459683 4.72285191153503 -9999 -9999 -9999 -9999 -9999 -9999 5.11105489386565 4.95157764918683 4.94916411445247 4.93956082510795 4.75982478119705 4.7286844480343 4.40268706592053 4.42202052947125 3.75599148391666 3.25386588211585 2.63483925657171 2.59299451339599 2.6818001958951 2.44187639696237 2.10204545401218 1.4626385664319 1.5770103876382 1.40379121688146 1.63348474573403 1.59469410994567 1.85996792209183 2.10394237602082 2.4683140712672 -9999 -9999 -9999 -9999 -9999 -9999 -9999 4.17400622052998 4.17399213506312 3.41290590434445 3.31715025710614 2.86291214643242 2.62013961310253 2.12207653671386 1.76222145709031 1.22432941611639
4.54836382713378 4.61753215807926 4.78111506560154 4.83622958140548 -9999 -9999 -9999 -9999 -9999 -9999 -9999 -9999 5.04831661571745 5.22544115524371 4.88871977527871 4.9459053284122 4.56121355177661 4.61229917797977 4.13078809486986 3.53238155098173 2.79699006677148 2.54697441298366 2.60641083196373 2.0670120921663 1.40461848865255 0.623026880318001 1.53003168489717 1.64544362387438 2.4332599020445 1.53223280137796 1.64499472131918 1.33384139212572 1.70851552584604 2.23904977553407 2.61511429619256 3.40185216506723 2.8723180511088 -9999 2.47928731130862 3.32205400044801 3.20857951301723 3.66702709819613 3.52053050386352 3.42952164921482 2.99210835993494 2.64969668918023 1.89786835723555 1.07352628763321 0.564879561860694
4.90361666102444 4.47792406887121 4.42522707729875 4.07690615557296 -9999 -9999 -9999 -9999 -9999 -9999 -9999 -9999 4.93001702023486 4.91496311632175 4.61525618619222 4.89065680708345 4.53310150719801 -9999 4.15101272761173 3.51054272934676 2.96474615248065 2.44285140526525 2.24699244963032 1.49828069220485 0.639824598195714 0.169329617177523 0.878521108181423 0.886159128790539 1.48804395942179 0.703223299369635 0.698922652995142 0.10022647245386 0.546326950403623 1.27715154696722 1.87496733021022 2.81534785596459 2.82029549364762 3.31700325231847 2.78198473503431 3.52243716855325 3.66421357459777 4.03718616449444 3.57292162430477 3.29410904944299 2.63261378292805 2.24283230820478 1.55363472916098 1.16799997470678 1.1958056115759
4.59404342803393 4.72603402836413 4.58976365553943 4.47786463083817 -9999 -9999 -9999 -9999 -9999 -9999 -9999 -9999 -9999 -9999 5.01248522294658 -9999 -9999 -9999 -9999 3.6365923157785 2.98895041140252 2.59915317539578 2.33153897893141 1.81310137406036 0.839114647816383 0.385648748429179 0.560494850894876 0.568101723993499 1.1654157791723 0.700802405117798 0.696206877746463 0.430576536827995 0.436769880526306 0.440931082531131 0.601300740627725 1.72343428419278 2.4889392799626 2.60828966291861 2.03663234222078 2.3435199752227 3.15823201168128 3.98792661121429 4.55586670666044 4.03567084825152 3.74663312544996 3.11489997672869 2.90159836812202 2.5250409592827 2.50075202377703
4.66701954198032 4.69697634240645 5.26254438048434 5.36526629197889 5.58029182760473 -9999 -9999 -9999 -9999 -9999 -9999 -9999 -9999 -9999 -9999 -9999 -9999 -9999 -9999 -9999 2.72311558730605 2.63443494210181 2.244853994048 1.71571823588936 1.12115782684296 0.921040721382354 0.632818124235407 0.280843795712096 0.101526578480288 0.0973684512804308 0.0927115231012851 0.429597596808744 0.438957928661102 0.443377270935145 0.46767389420696 1.19052187746077 2.28023970051199 2.6063281997251 2.3269151035826 2.02203437217179 2.34469573814183 2.83630681411558 3.55873401825264 3.52429687563186 3.62497252590313 3.23718335905699 3.10563470930986 3.09748784983421 3.47069839971373
4.69157427117571 5.26911479128602 5.81945515017431 6.23425932315371 6.24034092407802 -9999 -9999 -9999 -9999 -9999 -9999 -9999 -9999 -9999 -9999 -9999 -9999 -9999 -9999 -9999 -9999 2.949475335069 2.69846907914465 2.34862326810934 1.6147125638551 1.11419835868631 0.636882178218646 0.286353860158043 0.244271132868319 0.241522423701385 0.238537547766043 0.433747321318005 0.434929635361513 0.435153185027767 0.879470685462308 1.58471267839663 2.92691024797284 2.59126986240427 2.26997901339291 1.23211783954171 1.35063453443008 1.44766749970041 2.55595119212708 3.04443342256324 3.90784594816765 3.74429110080532 4.14610566950118 4.22071693853652 4.60023513471726
5.22827729612016 5.24560896687893 5.80515126848437 6.2742652320793 7.15926769747884 -9999 -9999 -9999 -9999 -9999 -9999 -9999 -9999 -9999 -9999 -9999 -9999 -9999 -9999 -9999 -9999 -9999 2.72811337687748 2.16539582423292 2.00304872687011 1.58011036910291 1.58780818537223 0.928728353669442 0.77718817719576 0.409592451909775 0.237957686211874 0.0955549676280447 0.4128344023446 0.417073760699503 0.930979203631309 1.01448931634321 2.02330934782719 1.94936896716233 1.9373446634119 1.38097031952006 1.32928630901419 1.52506498859757 2.22238964196984 3.62848475631536 4.44607707208918 4.91298945884995 4.72545817583565 4.25736202960142 3.92609886935395
5.55211342600313 5.46271848235817 5.14627035574704 -9999 -9999 -9999 -9999 -9999 -9999 -9999 -9999 -9999 -9999 -9999 -9999 -9999 -9999 -9999 -9999 -9999 -9999 -9999 -9999 -9999 -9999 1.71147024384208 1.64347071126902 1.43557872256733 1.2990933124118 0.804852985619003 0.369883712777057 0.0956684856775197 0.412120212856661 0.414532563291811 0.930696073408608 1.01706766614601 1.62752218242777 1.11352670394771 1.10386483399677 1.07246425688323 1.75801017691256 2.35230299319851 3.06826128798632 3.96201886858334 4.37588216228226 4.67689822141746 4.69119252984618 4.21348839322603 3.45077857364711
5.64981856202024 5.38746394833139 4.77747863042731 -9999 -9999 -9999 -9999 -9999 -9999 -9999 -9999 -9999 -9999 -9999 -9999 -9999 -9999 -9999 -9999 -9999 -9999 -9999 -9999 -9999 -9999 -9999 3.36595071708036 2.77137496025986 2.07708753332727 1.11808770796254 0.509529850539895 0.180289049018043 0.416113372773252 0.42212518330435 0.418455504900978 0.10259764450222 0.0980414394173976 0.0986745800516362 0.0996018670187986 0.681171989683136 1.36625668564675 2.35005070661116 2.6359310416547 3.02506498692468 2.93214297103497 3.15894561627503 3.18593954936227 2.6675811922629 1.88646526809585
5.03665853303955 5.46633509066718 4.88506775529698 -9999 -9999 -9999 -9999 -9999 -9999 -9999 -9999 -9999 -9999 -9999 -9999 -9999 -9999 -9999 -9999 -9999 -9999 -9999 -9999 -9999 -9999 -9999 3.38856913160833 2.74218104537101 2.23147244705605 1.68029324678464 1.17877172479763 0.614200675291268 0.345910869749232 0.227901306936951 0.0953874092917764 0.0938806939910435 0.0951293830989834 0.100206273165049 0.104885486598171 0.231945147939405 0.526599500324582 0.927851004076153 1.29386713734102 1.31912021031192 1.27797762798218 1.11825814779308 1.34006867812528 1.35538859955031 1.33683653469318
-9999 5.45682416554075 5.12098547187483 -9999 -9999 -9999 -9999 -9999 -9999 -9999 -9999 -9999 -9999 -9999 -9999 -9999 -9999 -9999 -9999 -9999 -9999 -9999 -9999 -9999 -9999 4.77280223049552 -9999 3.69850665751727 3.15769870018574 2.55989706047432 2.06039773997925 1.35731472870527 0.647920358263845 0.405931566931905 0.375798939968884 0.372761933631552 0.378073861802581 0.0970631035795789 0.101553238061855 0.100171355372885 0.0996213337841647 0.101711294948281 0.0969682506477396 0.0935317395145746 0.0949689189170062 0.104614217778227 0.39023515537842 0.468082508351899 0.464246194286919
-9999 -9999 -9999 -9999 -9999 -9999 -9999 -9999 -9999 -9999 -9999 -9999 -9999 -9999 -9999 -9999 -9999 -9999 -9999 -9999 -9999 -9999 4.92989624493396 4.67132654993501 4.58870577864758 -9999 4.03184234044812 3.83406464934374 3.51063514004022 3.47835674425537 2.81106409064626 2.20104383581402 1.38740256155504 0.89578036230915 0.985041130641629 0.784859343744609 0.786536031270614 0.179360503205272 0.0974176970920222 0.0964844333597975 0.0941820826881948 0.100682258164262 0.0947598082005705 0.0905725644197138 0.0897587407771634 0.0936007690844162 0.267398824587831 0.272442946892926 0.662959426097891
-9999 -9999 -9999 -9999 -9999 -9999 -9999 -9999 -9999 -9999 -9999 -9999 -9999 -9999 -9999 4.22317492848341 5.45768621961181 5.97094845941097 -9999 -9999 6.01103346266441 4.83964225859536 4.59283852496333 4.3427036874558 -9999 -9999 4.64564950464213 4.60052290170337 3.90589754710332 3.63409183714864 2.9437443605131 2.56484765044047 1.79149705245105 1.10689573351803 1.0972471055464 0.784399969602945 0.787462752402496 0.173654781599071 0.0944747701959063 0.0929856284081881 0.0950963580986523 0.0972025592392287 0.096847933021715 0.10052401170538 0.0982921316812163 0.0937410905687933 0.308787169024697 0.313771173403423 0.707081299262829
-9999 -9999 -9999 -9999 -9999 -9999 -9999 -9999 -9999 -9999 -9999 -9999 -9999 -9999 -9999 -9999 -9999 -9999 6.66700898643225 6.41329015753555 6.03357755930291 5.60058322359463 4.93055623797982 -9999 -9999 -9999 -9999 -9999 -9999 3.56588323926416 3.08214307121057 3.13852355235091 2.85334499261167 2.22904539854001 2.01815144278785 1.4642414870347 1.39633989250806 0.690269089110404 0.285233321391439 0.0911732248901586 0.0929561028729057 0.0938697411649245 0.103820067360667 0.107696988143746 0.104983168565646 0.0949566501243458 0.219855105236815 0.220941187477205 1.01406393342104
-9999 -9999 -9999 -9999 -9999 -9999 -9999 -9999 -9999 -9999 -9999 -9999 -9999 -9999 -9999 -9999 -9999 6.01337042344023 6.09045074068705 6.14695254647551 5.84126646490478 4.83915347382977 4.27363489496025 4.41340461858233 5.22335799065994 5.18728257495876 -9999 -9999 -9999 3.40244654392658 3.31137815001719 3.56235372929046 3.45541462640316 2.88523984837231 2.32620163419701 1.68016496814114 1.43180756463598 0.802130559360022 0.45374180378484 0.168771697562382 0.215224476686881 0.138456094121833 0.143393268000639 0.109635592395648 0.10880224829257 0.31813384207421 0.435876457489697 0.437971013167629 0.724344744851937
-9999 -9999 -9999 -9999 -9999 -9999 -9999 -9999 -9999 -9999 -9999 -9999 -9999 -9999 -9999 -9999 -9999 6.39447720614184 -9999 -9999 5.39849028909962 -9999 4.51897372526193 4.57176683009869 4.6762947615533 4.54536439494699 4.67462277287822 4.08330000717861 3.8309748442879 3.70390353407397 3.66378450456058 4.15117880675442 3.84244869548913 3.34091097318911 2.54378476175611 1.90160569054481 1.42960294940207 0.895992472498605 0.577063302272522 0.295040688435924 0.293359911649232 0.348874252984803 0.353736992799104 0.271679302846366 0.300799121570794 0.512775375124384 0.674527223620982 0.6943453286592 0.97861138527904
-9999 -9999 -9999 -9999 -9999 -9999 -9999 -9999 -9999 -9999 -9999 -9999 -9999 -9999 -9999 -9999 -9999 -9999 -9999 -9999 -9999 4.44226445937722 4.38160492451147 4.04946421267395 3.95206948765916 3.29879077540843 3.44771687183892 3.34530425415863 3.36298711479318 3.70955025626767 3.71031079335724 3.80361638644028 3.1910721869636 2.47548293303833 1.64828138799045 0.941502350375139 0.600514195927022 0.440216613801028 0.551184466754915 0.512879533650345 0.517625088432802 0.466894835244573 0.461386034453017 0.369492944268749 0.648350729667977 0.756706913932551 0.92840117706285 0.983781126793428 0.867158522721803
-9999 -9999 -9999 -9999 -9999 -9999 -9999 -9999 -9999 -9999 -9999 -9999 -9999 -9999 6.26935527624947 5.86077259691834 -9999 -9999 5.39435851724548 5.98908720615834 5.15788693541202 4.44110310947361 4.15827924332433 3.70420451709299 3.47352987108794 2.6291730433878 2.6555776590596 2.25929443405313 2.6505736887784 3.1919395837731 3.16983341211421 3.06678911440321 2.16834643620184 1.68480126385148 0.833723819855171 0.424183805656833 0.16164393690584 0.249914622677655 0.47154272613736 0.525514678367391 0.652183516125916 0.586534419150833 1.09215254012124 1.07743930370048 1.71212687712632 1.36716875391282 1.54249624494268 1.56959877529549 1.52230815651299
-9999 -9999 -9999 -9999 -9999 -9999 -9999 -9999 -9999 -9999 -9999 -9999 6.45332893660079 5.80035086742969 5.48958693012 4.68712987879594 -9999 3.21964295328959 4.47368280071271 4.64875967831447 4.21229076386077 2.78821718208604 2.67046344175775 2.29859049637028 2.31416446228859 1.50069792857951 1.12774969864409 0.91896564151009 1.36027241625409 2.06114016649501 2.01569598196069 1.75283916356109 1.20522883319091 1.00026969472554 0.548668847196435 0.245644608154002 0.163213230551301 0.154677374066168 0.346266411660151 0.40022053980908 0.571475292196265 0.373036476037543 0.986110811602459 1.38850813665953 2.24112385754625 2.14442664703558 2.17242598189617 2.43174065127993 2.61917059669282
-9999 -9999 -9999 -9999 -9999 -9999 -9999 -9999 -9999 -9999 -9999 6.60161137665447 6.69805340906691 5.70570698843185 4.6494403563446 3.04976850773917 2.07007511069769 1.85457286468912 2.43867842709192 2.56099200748585 2.29594627778028 1.45620966027573 1.34089591690329 1.30543780722117 1.67684052145671 1.11857140953535 0.884605630996021 0.320993546152626 0.682693998381095 0.824515347206433 0.815525207049822 0.77932801262399 0.52624893409709 0.60530955118301 0.282886286386692 0.386251804313497 0.349686782158383 0.409023717791313 0.458748793384087 0.351264011122596 0.613602152892482 0.418170608285708 1.4542298523393 2.03738502605559 3.14593504916037 3.21397068454228 3.38744130678209 3.68022963239463 3.72693469127217
-9999 -9999 -9999 -9999 -9999 -9999 -9999 -9999 -9999 -9999 -9999 6.0198776346551 5.87352782069675 4.77082460946458 3.58299252889948 2.17007858919425 1.30123158131056 0.973115383788643 1.12387957115957 0.801210800333875 0.577364070055184 0.0965628721194843 0.313475852343382 0.590976216094155 1.06750322956036 0.843474268813802 0.56440136672155 0.0928940324697638 0.0958839762711157 0.0974052647112656 0.0945006157775589 0.161718820146016 0.2041559030713 0.24092092931498 0.178795332760879 0.280198651477405 0.498822404773115 0.654788961372553 0.617506783865696 0.522023927344032 0.52444915142421 0.416574601378696 0.78396429733379 1.6813328646616 2.88725653203128 3.43470003405092 3.52470187664026 3.6258510698101 3.67150732365463
