processes/BIMAC.asc
NCOLS 360 
NROWS 156 
XLLCORNER -180 
YLLCORNER -71 
CELLSIZE 1 
NODATA_value -9999 
[rows 110 to 131 of 156, columns 245 to 293 of 360]
23.8124947823163 24.6317077979025 24.1741170043715 24.4615512217492 23.9495417045639 24.3630186561696 23.877634133876 22.9631214512978 22.6141191480973 23.2712377887248 23.0016542188389 22.0751704326677 20.4253942320615 21.5059338010779 20.5322028314746 20.4613408389164 20.4257599610957 21.5020939810226 23.7028330335412 23.0070020579294 24.4228255069274 23.8267958680831 23.9613834006816 23.4347760732635 22.8653648992103 23.2877352716977 22.5786258870272 22.6697588462379 22.0773688471374 22.214771109376 21.3477897308465 21.0357592583317 20.4861521901721 20.189402100343 20.3687487438307 21.1735109416098 21.5525426499641 22.2303913732547 21.1095218361557 21.5993871188221 21.449406954018 22.0961283648242 22.3301226819771 22.3025935909145 21.8151406839949 22.1141207368613 22.0761315228847 23.6351318047057 23.4183526163329
23.6334141736721 23.5634215368344 23.5427425886012 22.9235461492396 22.9311343974672 22.6601243410037 23.0534428787981 21.9292353977417 22.5813352526257 22.965036161929 23.7716591309071 23.2006939128281 21.9189902777408 22.5413584895639 21.2005394499364 20.9978228569717 20.2332733581013 20.6975676556399 22.1730586435765 21.5579640681713 23.589864790345 23.2987615201603 23.8786500513936 22.5857390837385 22.4347484772694 22.5097165873542 22.4833307320922 22.0119868776499 21.5253628195799 21.4790569096172 20.641601247755 20.6075527513483 19.4022452589402 20.2925037667007 19.9177360084171 21.2495664349251 20.6581536467158 21.3051727248895 20.3492959282537 20.8818353229829 20.7131395831965 21.4553980321407 21.4141035535883 21.7397750234194 21.1249206997316 21.4265562384473 21.4821938890925 22.9127108596189 -9999
24.1016397888069 24.5286413462392 24.0883712894429 23.3686848779446 22.517907012879 23.1142998576292 23.1674472349763 22.3989739441921 21.8823141975926 22.6180260141673 23.5852397425746 23.6251956394913 22.6403026818484 23.3689819206107 22.8840966389874 21.5068598905168 20.4009001464271 20.5015307450417 22.8603141477083 22.5294990446614 23.2788137988142 22.5659411231901 22.8495852253876 22.7373585627316 22.383442843686 22.6971403392198 21.7133274133942 21.8248630919912 20.7562706566039 21.1344615852587 20.6970064987327 21.4423013324925 20.8468116810091 20.8632770980576 20.5865073044027 21.4440861602592 21.2064626754834 21.590509226076 20.7833074721467 20.9963345117089 20.6892329435461 20.735452471122 21.2654876501436 21.5233328326798 21.6451105749315 21.710581315825 21.3956848684175 20.6980125787633 19.6636160495894
23.9564799392836 23.8844501391279 23.129086081143 21.9016480276528 21.1588588964503 21.4686937621065 21.8641718775081 21.2802545037 21.5423133943184 22.2820580786691 23.9245916911455 24.2790580922188 23.7567326525196 23.7523564884097 22.5728869948443 22.1474696539979 21.5954893209856 21.644855041958 22.7889008847417 22.471926406468 23.246609608035 21.9716356851459 22.1577257843252 21.583861838793 21.7406063178251 21.1386929140251 20.832571566911 20.864689134535 20.2746236982579 20.0066638470439 19.6589447444865 20.9508285271986 20.6302538682216 20.6585077609509 19.1166816344326 19.7455346641173 19.4703314711011 20.5968598215641 20.2025444477383 20.5626329060711 19.8833119882889 19.7296832705363 20.3834591088209 20.967464340985 22.0196209798665 21.8790898596767 22.4019945579074 21.1749875581609 21.1404347894612
23.9785896167244 24.0572189268034 23.5606849187977 22.4925742364927 21.695517633354 21.8824884121495 21.721456739969 21.2774116397855 21.0615540698704 21.5727110533307 22.1752476045903 22.7003979298926 22.7021907919047 23.7651571467885 22.3931662664014 21.813232770849 21.5818735648332 22.4220519031711 24.0417426396492 23.3723704014529 23.3049522929684 21.6724995409039 21.7321523647017 22.1615627494626 21.9227924576966 21.472524283733 19.9012489659605 20.3573689307977 19.3716859532224 19.5388042440032 19.2554721008468 20.627421586024 21.1108503961179 20.7776353294292 19.6787145783582 19.666482043954 19.7603568622228 20.9304138219879 20.6786958976121 20.9099281689688 20.0617858671315 19.6134467284639 20.570651826964 21.1045491547037 22.5885982563001 22.173041509199 22.9211338716054 20.3770839379027 20.3497290765245
23.7852462109832 23.4622453928771 23.0191027451774 21.9548607494754 21.9707462490938 21.8128086442515 21.7270703392273 20.7807954016128 20.7724760806133 20.9395543391653 22.0535424353465 22.5573666674288 23.0449346445621 23.4414563635708 21.7522447326283 21.4885998335183 20.7367040958195 21.7776091492073 22.1146058915885 22.3414881227944 22.2943365371831 21.556519777532 21.6433397044689 21.5269810434576 21.8633509734924 20.8062483777132 20.3573306083875 20.255267325388 20.2687496174719 19.9578883766384 19.4394198118998 20.0288816438281 20.3438869613172 20.1054541955277 19.0373840919222 18.8259448689224 19.2612196461973 20.2631842219407 20.3279408342746 20.4099821236308 20.2458696735345 19.9651965424878 20.6092112633385 20.9324125418137 22.2752198898784 21.744128382162 22.0361823132941 19.8559765983628 19.5755707602383
22.6991830399779 22.1216602685694 22.2946556096938 21.7758589467711 21.7748860975079 21.8088796097124 21.270486462813 20.721920574294 19.8068283170317 19.9196512051498 20.7153546387391 21.7257227670972 22.3172289185678 22.7405038296754 21.4453175314001 21.1754923910446 20.2037579813646 21.3350014146577 21.378719382978 21.341716062728 20.688495649257 20.5864742646406 21.0203543197711 21.370894817638 21.0731654106721 20.1363129832403 19.7437575850508 19.8462984652579 20.1837091239945 19.5091740000799 19.6211241437307 19.3464976329798 20.3253726646681 19.7549101399528 19.8623595947267 19.5623172712919 20.2040253687368 20.3845282407574 20.295239751266 20.1094470958269 20.2903157880168 20.4036143698946 20.7229955210785 20.8450644273574 20.7606399714848 20.8414084734104 20.2826126153665 19.003546883201 18.4550909169698
20.9329176342772 20.1485470720021 20.4875167278024 20.9834859320822 21.6426829243408 21.9922140383489 21.8760670416781 20.761147388732 19.5083890003157 19.6870740337182 20.9779580750107 21.4348884185289 21.4374917394162 20.8288481873039 20.1872464869639 19.7799963049302 19.1638524964512 19.6679523854927 19.8210623313612 20.3955349719816 20.9004052089764 21.383053446774 21.7292072696787 21.3623841042618 20.9826618788088 19.6521361973548 19.9049585714331 20.039487590038 20.5947443821029 19.6092376526895 19.4250887913444 19.2198137682739 19.7146973852117 19.3126696639811 19.1301816411924 19.1864984113586 20.0152165854193 20.1198402024773 20.0683559788933 19.5876949877536 19.8434514958395 20.0421780473011 19.9892250803921 20.1170863667172 19.5513797028356 19.9900806010829 19.1328772045769 19.2513321874896 18.2235814090902
20.2180951136582 19.3640077337523 19.3561733192916 20.263366892277 20.9819289200947 21.3025222202322 20.7380234816217 19.9562605930892 18.5755908173601 19.2576286255564 19.5432181101156 20.2965377012484 19.7918993062106 20.0714158382497 19.6392735175129 19.4721861077438 19.809103858239 20.0856451306132 20.4592660449828 20.326213066979 20.7717881755462 21.2195279461928 20.6953340231467 20.4246501014577 19.0883235647004 18.7576964343359 19.2523931276979 20.2414339753346 20.6942652361283 19.328412950601 19.619334373253 18.8920457536564 19.9273763450677 19.0222592605658 19.2614475906605 18.5723652830183 19.4515744599158 19.3657627410358 19.5737442631956 19.1700030792692 19.3446820634178 19.5764890216964 19.2440081603818 19.4278640493475 18.8741588419684 19.5559325385984 18.9846584552626 19.6498580389098 19.0791558489894
19.688093555002 19.1676723504398 18.7985331186874 19.8243616198095 20.0069157575461 20.6508946552216 20.1290137736669 19.5938287783636 18.4529820492948 19.6123189284992 19.6590044527918 19.7540775129037 19.2052812846659 19.3528158675152 18.784510346354 17.6409837588656 18.2088359636431 18.8567743681934 19.5019463365154 19.855911600476 20.2288899747587 20.8498241854017 20.1925137511167 19.832722973004 18.9123593137213 18.4445606609374 18.5994793638804 19.8102843219231 20.238133559188 19.4594359787243 19.2737116255319 19.1289866185323 19.6338730030588 18.7125536350787 18.1600615243312 17.5305129040765 18.1526396723751 18.8329553751149 19.4287921287497 19.2275475318459 18.9951168486011 18.9945938303611 18.5467852562989 19.0471610840613 18.6938891811109 19.2103702540573 18.3375143934672 18.7292366418857 18.0200999773866
19.7006983524294 19.3450205051611 18.7150282701591 18.9014187593409 18.8073828048468 19.3570842629142 19.1658012400079 19.209969400153 18.7575007349597 19.7499664546561 19.0940329416559 19.4694213478129 18.4741359880881 19.5572600722258 18.2003905700867 18.4262122383396 18.2941320925454 19.6453028639041 19.3589230579157 19.9796032018942 19.4429855676382 20.2155495423769 19.0452359519796 18.7928772612994 17.5461707924815 17.4632304394485 17.4030408516193 18.4385162686832 19.3644739555422 19.0675224568777 19.1992552578966 18.0741140809919 18.7902945781101 17.7412012908376 17.8323872311178 16.8515641336886 17.2892522956387 17.823815539751 18.6534359771721 18.8410383765587 18.9505788353067 19.0767710962266 18.8728574924506 19.213283929127 18.8067201577862 18.9119549248738 18.0327519550936 18.0981696753744 17.4438757871526
18.3037330943232 18.4560859324591 18.5084219179181 18.646649617695 18.1978632201931 18.8188339471195 18.8114036620848 18.6024048455174 18.7674570028895 19.1624412873192 19.2535727424488 19.0598017621884 18.372453652347 18.7407770229373 16.9748033014407 16.584141697141 16.120813586825 17.6117759166503 17.679776837099 18.4692512085229 18.2960437259587 18.9311984096838 18.4840923837944 18.2974684304114 17.8768865810306 17.4151184213824 16.6836601065807 17.1361509346008 17.6700807355934 17.9185708754232 17.535027794366 16.9623827888231 17.1813813661071 16.783665622337 16.5278297011897 16.2427730912016 16.4331692177932 17.204594375058 17.6916775668953 18.1898996069059 17.7922268112246 18.0228128762512 18.2275149699374 19.0676019923155 18.6771572803797 18.1032081748732 17.4307059391055 17.5622244235612 17.2332608425231
18.701011772121 18.5844515876901 18.4552291838459 18.0374511234886 17.911368942295 18.0711870596672 18.7788399021372 18.1576828596431 18.8084856771718 18.3776902308454 18.227747054553 17.9279985789462 16.7616557192848 17.6122024245076 16.0580369655213 17.1604169176966 16.4236435241342 17.6624535173042 17.7067332359582 18.6952899464859 18.8046896855047 18.7631689924389 18.1296087449882 17.8584865582769 17.440498752208 17.1606287714641 16.3012237834713 16.5381381993135 16.7513394008894 17.3609220999804 16.7893267853721 16.0503351458311 15.9209898242937 16.1901274754822 16.6571850770981 16.7048859770444 16.6731207680931 16.8098486986853 16.9483898063459 17.2727384774098 17.3301184589389 17.6407226314272 18.2629629800187 18.7503286260493 18.5995939628711 18.0387915027259 17.2101961874372 17.1309491727972 16.6138273171805
17.9726497285763 18.0017748257693 17.8250514792105 17.6238475994452 17.2413870236401 17.9087058182586 17.9979632198424 17.2115088281654 17.4401062890095 17.0255621673657 17.6623502098575 16.9895853121938 16.1175307741206 16.0679910358467 15.3078010127291 16.1992197645248 16.1014708354321 17.300612920704 17.6761264874995 18.1204483503252 17.8191053853985 16.9313158444052 16.7667485433967 16.4317214478597 16.7847559152569 16.6605095964272 16.2351145312065 16.673195569428 16.3286509004543 16.6525880544503 15.6948243618482 15.6770757337232 15.6965318938224 16.2964690727646 16.0645115906359 16.384979134971 15.8009085398478 16.4178424574401 16.3434459980077 16.5263582172828 16.0549476834983 16.2058874439977 17.0071813306508 17.8848680382052 17.7594359357651 17.188339239413 16.262751692747 16.2382178672388 16.4162476663416
17.9303460948311 17.9915650096872 17.7191066103742 17.6292335682314 17.1235747111116 17.7565180483244 17.7406641220081 17.4392579367384 16.9734781503414 17.0176366913354 17.2189827164584 16.6906829663681 15.5238524638245 15.5243527650728 15.5885915653071 16.9110383107784 16.8432242767585 17.8298131547831 17.9070535811092 18.3581562880171 17.2960897997608 15.8598069293397 15.5005205754093 15.4984486161488 16.5563973991594 16.1828998462922 15.9770038568254 16.3781359424267 16.4358431349675 17.0201525014898 16.2414750095217 15.9439667196438 15.7034674218001 16.1568833815782 16.3026919135512 16.4258047922774 15.529471548232 15.5828182835332 15.849745369333 15.4296685876147 16.1890063891978 16.3787327281689 17.4124879322992 17.0300627483646 16.5378582145945 16.1957690209336 15.4084589501237 15.5188871652092 15.6694032933805
16.3151667110169 16.2459980517595 15.9713614501831 16.2335482352313 16.027283607333 16.9603989583974 16.6173109727855 16.6367308436136 16.2532328973811 16.6338645910968 16.7968865285148 16.0105564597681 15.275629724225 15.5340212102239 16.3520554724782 17.0464311695278 16.894755591032 17.3290002115945 17.4902955610099 17.1712686293342 15.9064889533472 14.3326741950703 14.3056839830418 14.0324951291202 15.1940800775647 14.4600983571509 15.3291095408744 16.3252822987899 16.8804849917991 16.5933004594528 15.6876098946071 15.8929399863188 16.2590412333946 16.9445666682089 16.2159137061207 16.1728200006268 14.4805768018396 15.0210133897457 15.0652428510139 14.9294521756121 15.2644306998005 14.8950843235138 15.5882444344839 15.3778475708256 14.9248045072625 14.4772116227161 14.1508966521521 14.9934663177563 15.4112374512905
16.7083697745797 16.6505465619037 16.3044213541451 16.0031281315797 15.5828539500498 16.1536447060618 15.6919433599089 15.9252581530581 15.4894798538791 15.9503618139544 15.605484354469 15.1767059550668 14.6054418224224 15.2396963425759 15.8247886735148 15.975245504642 15.7721637365766 15.7037771263502 16.2769263088702 15.7892621222073 15.4279514178345 14.1085725937855 14.6289622737358 14.2090760824871 15.7212696489347 14.3057639469503 15.4897277184076 15.4990613187818 16.7615348552986 15.8383540460567 15.8809254097684 15.7132356080393 16.2359557579165 15.9823855767742 15.3693142353461 14.8094370948075 14.1675980725664 14.1873846551039 14.6097822467726 13.8647668569014 14.9526619833483 14.3657300504018 15.2956547707438 14.2436752233808 14.1851582621567 13.8334654808876 14.1392427845963 15.0375052638417 14.9348036818638
16.2005995905475 16.0221295737253 15.0716573390646 15.0213807432113 14.5639496587545 15.2397559589675 14.764554286029 14.7747918507576 14.4936886149168 14.7192348078744 14.6938643898783 14.0778687694042 13.9697392479372 14.5251899993389 15.3989306400247 15.3617399111198 15.357245359424 14.3751472389403 15.2042904745714 14.4187706727945 15.0196143790207 13.9460851146562 14.4534383149744 13.7846446527214 14.1326528634456 13.2565515694946 14.4170840207517 14.7779447926746 15.5890062207503 14.3936438545958 14.4578643272611 15.0336746738738 15.9629854781323 16.2706272682948 14.8152753262898 15.2274072463827 14.1058781084395 14.4436955224796 13.761476036936 13.4980571344718 13.6779668132793 12.7283238938705 13.1418677412321 12.8449196169088 13.295386858457 13.143952848441 13.5412315995458 14.2941973481815 14.0151767935426
16.302075778444 16.3268764391994 15.1784917463449 15.2808387145588 14.3933307800893 15.1281860125491 13.9992681276744 14.1849569286215 13.3983886228175 14.1676471656828 13.7448039526867 13.7261707249547 13.3933260275147 13.0015530015983 13.2889399907103 13.2611046843744 14.2633498925722 13.4098753223453 13.902741178737 13.3081203049335 14.4561474145312 13.838493675485 14.4408828019506 13.7808047013342 14.4035211194392 13.8118201147499 14.4508880863362 13.6512515157435 14.0099017427329 12.7971265519979 12.6871099919015 12.6002336477553 13.3071405530484 14.0559797119435 13.5890560212468 14.1377826665944 13.4977726876468 13.4197536989042 12.9802511282135 12.5208976814254 12.8128389439306 12.3552231933126 13.2311960331658 12.9256910336419 13.4690363381052 13.2638182745427 13.7420724997031 13.7342727747278 13.7078977774882
14.861904742362 14.6793984239356 13.1562479844526 13.7815412210196 13.3151737046323 14.5925451679365 13.7191715369131 14.2899666034898 13.5643302493616 14.6760045612305 14.2411339840127 14.3013017361102 13.6141243257015 12.9846410035068 13.0231966167207 13.0530776874864 13.8154304867915 13.0350583158152 13.1344598320723 12.7721061203555 13.7562280795988 13.1411949023954 13.3858170235774 12.8304932956723 13.3583351972002 13.4052212273128 13.6010991581443 13.3256095525123 12.8246633797357 12.1387717522238 11.3172287122619 11.7856410877455 12.1639581391999 13.7312924471564 13.1752078900037 14.2105189854191 12.8415406847453 12.9894230126802 12.0828889583313 12.3272815976322 12.0511303430833 12.1294043926845 12.4304859769161 12.6807394706995 12.9768074067186 12.9597351825652 13.3146041959763 13.1478397373284 13.3768820466423
12.9630189039628 12.9466199801062 11.477902908335 11.9324488910633 11.6157332294282 12.9381080239969 12.1903365585634 13.2823769589146 12.6783539625858 14.1872792853396 13.2296833209808 13.5054553534238 12.1453956555482 11.6983724508973 11.4894030127072 11.8161395540507 12.3728438904129 12.1514079805128 12.5062493230098 12.363027117529 13.3265635333943 12.4544777547474 13.3004996493719 12.4296527628602 13.6935153499629 12.7243662031302 13.0179133161924 11.9069126160957 11.8150472553154 11.0046652218054 10.3114082902411 10.3589879278022 10.0888026864246 10.7328415881022 10.647100937337 11.2478974406575 10.9271093923773 11.3713076591089 11.5745055948031 12.0990545085988 12.0886351022792 12.4397776412252 12.869565600504 12.9170755453946 13.1803500998495 13.2589708722343 13.4716417629583 13.050795996595 13.0511119222476
11.3433800535883 11.5004865153825 9.77951281169357 10.6198636299069 10.8812013333487 12.4467032421493 12.152634204699 13.1784645634721 12.7564998825761 14.1287573316665 13.1037184188489 13.2973609516976 11.8752441908487 11.7387045231378 11.2873922055587 11.4469376453109 11.3176856733146 10.8403349333377 11.6057916743577 11.7306338873333 12.9057368499538 11.8899973991425 12.6679554633902 11.9312200077161 12.9155662889316 12.4669232422671 12.601512907618 11.8703817489395 11.3666208573313 11.2233578712078 11.0211217654326 11.1197097765994 10.07811792443 9.82936150048474 9.95988427743901 10.6584865464102 11.1222750918768 11.0684637116284 11.3456481698035 11.3604241831137 11.4791599157605 11.6874582865282 11.8533435104211 11.68922273588 12.00858142938 12.1242282154475 12.5417791047409 12.2817435634835 12.2233274241807
