processes/BIMAC_SD.asc
NCOLS 360 
NROWS 156 
XLLCORNER -180 
YLLCORNER -71 
CELLSIZE 1 
NODATA_value -9999 
[rows 22 to 43 of 156, columns 147 to 195 of 360]
2.32984138496555 2.63959534553705 3.06591916539121 2.44511191133394 3.01418444254207 3.35858537283789 4.0801176515435 3.40497215275401 3.11473261877772 2.67512790199655 2.71172354001555 2.80103339436225 2.4105133556616 2.12128304114433 2.73870990168031 3.45973102597835 3.72082056374341 3.49921293016069 2.896875109056 3.0688557713414 2.7823878905546 3.35210609732861 3.02638552133544 3.30824268787214 3.26351284240201 3.38656615210061 3.12620594404812 3.3274103521995 3.33646458129597 3.3243775644247 3.11716593494873 3.15531584265477 3.42452603769846 3.47921929557603 3.46940735878744 3.50342920344094 3.78197675464742 3.98398135420866 4.4764889475063 -9999 -9999 -9999 -9999 -9999 -9999 -9999 -9999 -9999 -9999
2.00912947213332 2.16604947508127 2.37124819299652 2.19444255923779 2.86397385995111 3.48118707491873 3.67258363013602 2.68658252790818 1.76165508290381 0.926615798105217 0.859605184909245 1.27465225346657 1.22276192767585 1.41803403256697 1.27796860511789 2.22941429287822 2.83747549586381 2.92821890344115 2.45411842966903 2.53834279445902 2.9420397163982 3.56896319545495 3.65052034397937 4.05021151648 4.01735972569714 4.16450645178187 3.88084461908927 3.82892709254991 3.53504448751795 3.36384498567888 3.18481670958881 3.42546597783776 3.77726857227249 3.83541904068947 4.00936966741335 3.65381068227967 3.91619654495461 3.70569907828488 -9999 -9999 -9999 -9999 -9999 -9999 -9999 -9999 -9999 -9999 -9999
1.47661573328506 2.04537076574915 2.54818754477296 2.12254385230423 2.84084347421196 3.08519357432023 3.67586797922433 3.05447401982777 2.58685132669966 1.90001894759806 1.24374208357965 1.35826299331529 0.916268451071214 1.17733624908939 0.743459149878499 1.77781292515992 2.19438578910708 2.64867307350921 2.03890092693024 2.50299413051852 2.92313799372191 3.78708298153224 4.01556098834496 4.49361240673811 4.39558328964129 4.55635349754569 4.24453519703923 4.24701785381284 3.79396907338931 3.49555137540211 3.44918982248062 3.58355908780494 3.80012260077539 3.53980242358539 3.6736943206029 3.6885228953538 4.14091664563406 4.13606657253494 -9999 -9999 -9999 -9999 -9999 -9999 -9999 -9999 -9999 -9999 -9999
2.04862129240295 2.5071751226601 2.61739558443971 2.49524841928213 2.96375898047192 3.23592708877654 3.58810647041781 3.28028680313774 3.02635547283317 2.33053274056636 1.87124646145823 2.07575644538848 1.63647475269837 1.74891426071114 1.53671272655098 2.58769149587248 2.79274969194989 2.73362623877488 2.46617165625532 2.9518437513383 3.20284744447115 3.71085577851068 4.04474624038777 4.61094884556321 4.67187827541334 4.61339814762661 4.80391933398215 4.6663679653984 4.36231725891147 4.07221218178042 4.06502380963869 4.395901520698 4.46266811467983 4.12093131592354 4.17925276115525 3.67013745883545 4.33968605320664 4.44161770773911 -9999 -9999 -9999 -9999 -9999 -9999 -9999 -9999 -9999 -9999 -9999
2.87229191030308 3.2848556259836 3.55548695351141 3.55128331536568 3.73848222842604 3.13575744009976 3.22946097065031 3.1962869051128 3.38184859946926 3.05193815365436 2.36421861734329 2.61935189504878 2.25052224065972 2.58528001005808 2.65209075455723 3.38942496112242 3.19360228878842 3.24763319097469 3.19214092767296 3.59336579879473 3.16906022699461 3.53193811656138 3.55085736707077 4.1582442828141 4.35405547855448 4.65575746025212 5.10699817999946 4.92377655995443 -9999 -9999 4.22263689824482 4.17174910666658 4.21009831529124 3.76724983519091 3.94004632112145 3.52315969821087 4.05282048528436 4.28288346271472 4.63835760042616 -9999 -9999 -9999 5.23000469644208 5.85004373565342 -9999 -9999 -9999 -9999 -9999
3.85786953211351 3.95366596432505 3.57920777607479 3.8083522082234 3.63077821430152 2.82402668887261 2.02063112703217 1.87210407441773 2.29720128368337 2.62492358585559 2.70410126443286 2.98270491705393 2.61749960721463 2.81826778124623 2.74424078008597 3.0408084085992 3.0056067287953 3.36466227452534 3.8676300566035 3.59837809563836 2.67984744436272 2.82776365384584 3.04650326645463 4.20349018571639 4.37842764264054 4.92584199624937 -9999 -9999 -9999 -9999 -9999 5.23380080973968 4.83734783511507 4.24241262972872 4.64282104928583 4.0062517088132 4.6178212964051 4.55193089698715 4.95660973024173 5.28594655985045 5.27329436365192 5.62938723047757 5.23000469644208 -9999 6.0828170122565 -9999 -9999 -9999 -9999
4.35538258923671 4.14904419494733 4.12373265476567 3.90525982691796 3.15340805115017 1.80219513112929 1.208060668225 1.86015674750808 2.48798922563913 3.48361323508398 2.86174114333592 2.66794264608345 2.33978052568803 3.12980423795404 2.83644944468288 2.24787238973382 1.90947691426556 2.73747088144311 3.55309901667134 3.27584466417012 2.85510300379067 2.95941542914256 3.48052570396704 4.35306175886766 4.90679584474718 5.73090375842826 6.29667123497274 6.6649740673496 -9999 -9999 5.81788630667563 4.96002764969433 4.60404559298905 4.02745799419438 4.68339651700566 4.54192493937166 4.87137842204088 4.39893665882138 4.40305949507032 4.95195608740144 5.21402822801286 -9999 -9999 -9999 6.10887427596139 5.96296995216417 -9999 -9999 -9999
3.12742683697226 3.17933000110005 3.22121944078978 2.81197924700268 1.826805120148 0.750099805301297 0.716548461062662 1.67915222960121 2.00006529189143 2.48861418239477 1.80955327056875 1.65498830698806 1.7974573619657 2.67243791769311 2.90464213444695 2.30784067291179 2.35801834843631 2.92436184188465 3.73089645256998 3.25069275538233 2.82373819358812 2.42598084375625 2.61855905907966 3.65326452565162 4.64383448488535 5.89508108724277 6.36297155035139 -9999 -9999 -9999 -9999 5.88259461813112 5.30571187839793 4.95479062165443 5.09918619581172 5.14002989766419 5.11248177557547 4.81688805621428 4.43210995130355 4.97412822388286 4.97050426380681 -9999 -9999 6.78729051365622 -9999 5.66292060556771 -9999 7.32436450149844 7.65562319016779
2.18454553669199 2.24945279928562 2.58212890438156 2.4914733539605 1.6531009982995 0.738092609760611 0.867267511734925 1.50919422379937 1.63032653873469 1.66195891646408 0.871099926457835 1.00788325678308 1.69776872156267 2.68321034567607 3.27164733288524 2.88188777085 3.05118799622749 3.04426977378239 3.07762550676468 2.65691406896459 3.17292744588917 3.2590983538109 3.43607986447257 3.46924587006015 4.80028960485073 -9999 -9999 -9999 5.05787415030024 -9999 -9999 -9999 5.05115972888718 5.17354007860803 4.84546848680007 4.86963502066445 4.22227648482679 4.33663588217843 3.88177712326518 4.97512782712872 5.24016371411965 6.5038323424937 -9999 6.61332980734798 5.74837173337161 5.61738431630531 -9999 7.32436450149844 7.65562319016779
0.779565451819034 0.948458128046736 1.15188575396946 1.47633989342195 1.08305079051051 0.567372992502758 0.81977254437463 1.33540826840149 1.33404133779955 1.11433972637783 0.581282112626677 1.5834317504439 2.02178925207518 2.78744971959925 2.88950463914473 3.18785848756071 3.40099094187157 3.09733627204075 2.97884443512397 2.95907394036127 3.75407939006673 3.81151768986034 3.47256387208334 -9999 -9999 -9999 -9999 5.68373499143391 5.41776956904004 5.57733150942788 -9999 -9999 -9999 5.76863473526713 5.32922314227383 5.27644946626403 4.31506249828171 4.23066961014691 3.70065526536892 5.1774430512898 -9999 6.52001890958901 -9999 -9999 -9999 -9999 -9999 -9999 -9999
1.00716778408416 0.955836669388338 0.932261689040124 1.03475350671551 0.858948636115807 0.569385041862443 0.618697375771708 1.10285333496923 1.3632962104949 1.58786589572195 1.42174454478401 1.99949661248754 1.96409213755228 2.35163673105651 2.38712737983159 2.74718696869861 2.99654762410377 2.90424518980076 2.950399618629 2.83029892210229 3.84898409790748 4.40662151340324 5.08466294040499 -9999 -9999 -9999 -9999 5.73315756440228 5.49428933757047 -9999 -9999 -9999 -9999 -9999 -9999 5.32077475564321 4.53573903963258 3.92438441521757 -9999 -9999 -9999 -9999 -9999 -9999 -9999 -9999 -9999 -9999 -9999
0.398987441894781 0.380125236517984 0.480446436805429 0.344264110786766 0.282565433273026 0.180231230220552 0.464712225501902 1.09508933342004 1.35785075927755 1.8463437226666 2.09902096853411 2.80070819133386 2.09541524738447 2.24710152855212 1.92253746750708 2.80720876124299 3.04081688651051 3.18837633911345 3.47475161172537 3.75399241464811 4.38103601190132 4.51810651993797 4.61518278125626 -9999 5.45438399058714 5.13945516189296 5.35377661922692 5.9351495623766 6.42274515476047 -9999 -9999 -9999 -9999 -9999 6.50683427865376 6.09553046004127 -9999 -9999 -9999 -9999 -9999 -9999 -9999 -9999 -9999 -9999 -9999 -9999 -9999
0.713336891843319 0.709464213535446 0.427367043394622 0.21128338331198 0.204198395967421 0.0938545693157233 0.0957045014026349 0.350917296751886 0.614812985306082 1.10649057613722 1.60328580385046 1.82101985973603 1.32718187998357 1.45680661659575 1.8921343792276 2.79908355357503 2.93494083739075 3.21565578940397 3.88500457792682 4.35573890718278 4.56775903546002 4.25422656996986 4.2358535268984 4.47451634835884 4.5770582963531 4.51133619587414 4.75452027126417 5.26449050108444 -9999 -9999 6.01217046950933 6.31617017013278 6.92278761387847 6.63428653306826 6.07653016395672 -9999 -9999 -9999 -9999 -9999 -9999 -9999 -9999 -9999 -9999 -9999 -9999 -9999 -9999
0.486027558273589 0.483903923932659 0.199031531173377 0.206856321224463 0.41542286066265 0.506232922189391 0.693477187442483 0.482645323917567 0.574023893389022 0.644203883650778 1.05931976763791 1.59886747083111 1.90355465436493 2.6575169764939 2.59584862685567 3.1084483543483 2.59921809189243 2.7834166123101 3.11344039610556 3.58088906396463 3.79503132686823 3.60881469255354 3.80205956504559 3.86317439825779 3.7106116217523 3.59856619406282 4.04259322828106 4.51065754667608 5.50335258768324 5.85622114046901 6.01217046950933 -9999 6.92278761387847 -9999 -9999 -9999 -9999 -9999 -9999 -9999 -9999 -9999 -9999 -9999 -9999 -9999 -9999 -9999 -9999
0.881855429685845 1.1453184080097 0.567974449769468 0.572514570210312 0.518310365502771 0.941134580735419 1.27328137580677 1.31241615896419 0.9627685905367 0.632207175751962 0.385897732043512 0.453724884310812 1.19720826339385 2.2766307419178 2.89929357650594 3.15487665041981 2.68041118036746 2.88270181532094 3.23662593416866 3.63030735093175 3.48037354437572 3.24042465079896 3.27655175939477 3.3054696734909 2.76161794109867 3.09169864554946 3.43220585899297 4.58292704316825 -9999 -9999 -9999 -9999 -9999 -9999 -9999 -9999 -9999 -9999 -9999 -9999 -9999 -9999 -9999 -9999 -9999 -9999 -9999 -9999 -9999
0.95300664865885 1.60493570373314 1.57123267196611 1.42973568145642 1.23337315133963 1.69781470415561 2.00730512194946 2.22665996918505 1.9312374672156 1.40817068872262 1.05949970916188 1.07033318196454 2.19401308586053 3.40002524503417 3.83015696137592 3.84935464706106 3.34000216594092 3.43647839236809 3.28750638659768 3.14222744848087 3.04672717522073 3.18684415198055 2.98109975099676 3.41638857732373 2.93020776860109 3.21181455833206 3.47586653812798 4.35177903327599 5.45201242198364 5.15452033292181 -9999 -9999 -9999 -9999 -9999 -9999 -9999 -9999 -9999 -9999 -9999 -9999 -9999 -9999 -9999 -9999 -9999 -9999 -9999
1.16863566821356 1.60849172797604 1.73249257795052 1.93451387794631 1.70935656694174 2.22076153332362 2.27714590676288 2.77253812303676 2.13679094144091 1.80169686167319 1.47286431593582 1.54488967396282 2.11936510872799 2.86260147959989 3.34059158711364 3.54563697020249 3.22307407122745 3.55763082119598 3.16746819250272 3.37283943025855 3.14038679047301 3.58673820374834 3.15448308885167 3.72571555229019 3.39709367537139 3.7385758859421 3.20951630816616 4.07470747978706 5.03348730012985 5.35575680702565 5.50247182931999 -9999 -9999 -9999 -9999 -9999 -9999 -9999 -9999 -9999 -9999 -9999 -9999 -9999 -9999 -9999 -9999 -9999 -9999
1.05255192367562 1.16240383504762 1.69010105047564 2.11048441957587 2.20170124993893 2.56357228343037 2.68412957512585 2.84324748956743 2.72524217918067 2.47029413707175 2.63134911602718 2.63177415759376 3.10314018551648 3.08822301903375 3.25209334097932 3.34640316346162 3.45499410455628 3.87982848416331 3.41894728162196 3.45827246303356 3.27999596633623 3.75291538101923 3.44021356790948 4.27329279539918 3.84051233872494 4.42190774553784 3.50797135742898 4.24149853508687 4.54792206265753 4.73383904181405 4.25984786516843 3.64990044354822 -9999 -9999 -9999 -9999 -9999 -9999 -9999 -9999 -9999 -9999 -9999 -9999 -9999 7.96175722972177 8.3737670738935 -9999 -9999
1.14569520355323 0.756620878457838 1.2347917576071 2.09633090108924 2.53052645290229 3.01320784375331 3.20994854973094 3.10354321921184 2.44189835952091 2.35335364841437 2.5533702451693 2.87853610636787 2.87062303872333 2.55571836321361 2.73122260846505 2.57227703804171 2.6255178266444 3.03643150567186 2.61612572905705 3.14832601691765 2.95778507723287 3.82673480510435 4.02837576319069 4.81745987487687 4.43557194672621 5.03746068456737 3.40440036338526 4.63831167261151 4.42655939885039 5.23756131836698 4.1093280875218 3.50833420628402 -9999 -9999 -9999 -9999 -9999 -9999 -9999 -9999 -9999 -9999 -9999 -9999 -9999 7.96175722972177 7.9300332738123 8.17424405051991 -9999
2.39375995386912 2.29115633409146 2.52867507576134 3.04742255811061 3.0243225735121 3.07602196035183 3.33854904754096 3.14965209431267 2.8910021704062 2.76670132394218 3.18107877892176 3.45708968108124 3.66610584605322 3.45157016787239 3.53898284243632 3.22295780233073 3.16420166989781 3.73613442512583 3.54155014081632 4.14810551355475 3.19476126632858 3.28284744537303 3.11025355109117 4.13251143866057 4.25521650037577 -9999 -9999 -9999 4.58689144263206 5.01076651228443 3.34760922843272 2.75138450769073 -9999 -9999 -9999 -9999 -9999 -9999 -9999 -9999 4.67620644597175 5.05349363305064 7.22416564624426 -9999 -9999 -9999 -9999 7.42689563447248 7.59938554071503
3.46551043891498 3.18662851163995 3.27403485843383 3.43498333347032 3.40152478786268 3.30671262208798 3.34581806661302 3.14147943805691 2.77084593229219 2.80592338717363 2.70699725499589 3.31707581437545 4.00523644652376 4.84459305045635 4.63430810253851 3.71314665644689 2.98878726175572 3.3814224958086 3.32120666001179 3.99133241172205 3.29641320595996 3.43133533576966 3.44567107847089 4.17175002643574 -9999 -9999 -9999 -9999 -9999 -9999 -9999 -9999 -9999 -9999 -9999 -9999 4.99802191236321 5.21313104906442 5.29459100106691 4.35472680660289 4.49744436510369 4.88885840866015 -9999 6.58269270261909 -9999 -9999 -9999 7.04334270234676 7.4349756744239
3.64150690324358 3.77659869417771 3.94019401777233 3.78090689565521 3.39277417402286 3.10712440737139 3.40708641401385 3.09855719554512 2.87144921117049 2.34298056828578 2.41364948180087 3.37004898975837 4.38370920783853 5.66244103938066 5.21310785838098 4.29307540827456 3.51368236870485 4.00187511326986 4.29990622983182 4.43716366109274 3.73974970880359 3.53946668281437 3.85567803988805 4.13178744426103 -9999 -9999 -9999 -9999 -9999 -9999 -9999 -9999 -9999 -9999 -9999 -9999 4.31762848359761 4.49783025306799 4.84333500453248 3.80042922055215 3.64856160206735 3.18718461490312 5.9200575287836 6.04480572419002 6.53601137374417 6.593334621534 -9999 -9999 -9999
