processes/BIMAC_SD.asc
NCOLS 360 
NROWS 156 
XLLCORNER -180 
YLLCORNER -71 
CELLSIZE 1 
NODATA_value -9999 
[rows 0 to 21 of 156, columns 196 to 244 of 360]
5.06534237188074 5.22346266939069 5.19359930851064 6.02529759698745 6.09309897852058 6.03132037845231 5.43950293926583 5.05714812708253 5.30532467309947 4.81749071415167 4.54264677182142 4.34667361416196 5.05593039868679 5.7669867271769 5.20840326280653 4.54548599802442 4.20224975728616 4.40173463321105 4.51608433103738 4.35172037994846 4.57215411577427 4.04752411190546 4.1091265000555 4.41132593051341 5.20727280978588 5.01891515815466 4.71957602637211 4.61702185077298 4.91347987169109 4.78777492741925 5.1196289538561 5.02015586452626 4.80695498187292 4.24659313616007 4.67156200208905 5.47616835557816 5.45572190279613 4.86304759946105 4.52949996830911 4.38664401565281 4.09793223216367 3.51169488410149 3.4699314529168 3.7517086706655 4.04304626805054 4.48512765617479 4.43093978800843 4.78321065507483 4.47840866566579
4.67551758421526 4.91485237604825 4.96212167125194 5.46944548620195 5.25201485958017 5.14702698123781 4.91649551723233 4.73527135445148 4.93379525792412 4.58638978735098 4.32831087680841 4.01355132180797 4.56514402288234 5.15809855474192 4.89093267738257 4.44880972373097 4.24325492985286 4.46060605612905 4.42457053035666 4.38416778385822 4.63078823248324 4.38273682468708 4.33649453868472 4.480212452095 4.93983765694026 4.7244921595338 4.50288435729038 4.53634984319603 4.69505562376234 4.4884866704288 4.67506393220423 4.77315669160746 4.73489418623346 4.36087506549361 4.74223499691021 5.61895076771676 5.55769533952689 5.09115653091533 4.54761154291253 4.33842811885633 4.00013188343463 3.37839223077348 3.24768351939061 3.48353323281693 3.84841458037461 4.59871865321427 4.46449135978004 4.6975142552363 4.25727332047028
4.93397118953291 4.91076561473692 4.76890712966625 4.75868123358368 4.45795069021108 4.28102516368275 3.81357916100561 3.57258364865154 3.57215587072594 3.4762371714934 3.36685380651354 3.38361826021206 3.81296543774499 4.51942028088402 4.72251977607374 4.63511801773989 4.33188026312444 4.13171212744137 4.16485951981833 4.40913306838801 4.81467348454943 4.54639985423446 4.56954577392965 4.46150067530845 5.06518612258835 4.73880687060935 4.49217911539585 4.22323519255127 4.40180840646942 4.55266613625272 4.51673263031971 4.34590056577914 4.27108445411644 4.2370852079115 4.57146014143163 5.23500637454144 5.30941850160902 5.35252206471282 4.89292654260782 4.68417902248179 4.26131693079235 4.08956179273509 4.22989438764761 4.50560691063885 4.78055122484289 4.9992464049335 4.93849900884299 4.79593429130875 4.45232299861395
4.45047641178586 4.59506168430178 4.43071243053187 4.43353008509905 3.57038566522395 3.35351913009226 3.13259843250173 3.4844544989568 3.706001927381 3.764816532685 3.52648342509866 3.17887800820221 3.65740445875832 4.31114719942781 4.84325846977936 4.6537258481318 4.37376538266657 4.48109240502087 4.55849114279907 4.87677598205513 5.19196370439034 5.12117799754473 5.01631980534096 4.73447167523247 4.81959893890763 4.48943186714492 4.20374229865837 4.64624670762529 4.86289174127784 4.95123929554874 4.56997589091147 4.37060494521069 4.33244871194164 4.06438055441563 4.4665049893911 4.74076080255282 4.79710267454191 4.97941949006795 5.12205897294292 4.8499903905545 4.35686396572616 -9999 4.13887595006299 4.4131789296631 4.69794348682828 4.81893210878604 4.717638554086 4.40843543204908 4.10268878870298
4.7213004679711 4.74377663177099 4.24619792549488 -9999 3.56375545926858 3.34105860173399 2.76365731216992 3.1809228438405 3.46363467728478 3.57933080483067 3.3835662060624 3.43052576212962 3.79916919113229 4.4433408795668 4.86370483721673 4.77920433453296 4.38823881830347 4.52597121142571 4.94486774273043 5.26209691757834 5.44252926219246 5.09505874638333 5.43496634608137 5.07013841840848 5.1886027563987 4.89375759567386 4.52189920738064 5.02125018876871 5.03695711353298 5.30200669025969 4.9353830075745 4.4437394823058 -9999 -9999 4.56676945329631 4.3800218394742 4.22665063787262 4.47950260800058 5.09933464461127 5.11213659811594 4.90415533801647 -9999 -9999 -9999 -9999 4.59377153091697 4.58086145056112 4.39010186645872 4.32983535422872
-9999 -9999 -9999 4.48228026623768 -9999 -9999 -9999 -9999 -9999 -9999 4.29891552966522 4.50619028267956 4.81534503887036 4.90089286253631 4.8802139510388 4.96219465462114 4.84612767790004 5.3997455690157 5.55847414008416 5.68871117187732 5.36670984460738 5.2175300697414 5.37488891092217 5.17504558832744 5.11660086237201 4.934750877211 4.80184240195225 5.13124450362733 4.91804130669599 4.85845775926711 4.36687875111979 4.30709339199871 4.26377320129869 4.26904372232041 4.14455969902086 3.91031098960578 3.65478474215705 3.91631499430865 4.94770758708661 5.00866405972638 5.0600799081877 4.00543974954892 4.11778182420237 4.12482565980175 4.4524616016379 4.12187730494392 4.10064529162421 3.86795820293245 4.06090879976987
-9999 -9999 -9999 4.63222679599956 -9999 -9999 5.45252927900428 6.0688255047065 5.65966584862847 5.04895478049908 4.46437658438379 4.60572543439373 4.46104727480528 4.38984274058135 4.41035556507618 4.77134028349052 4.60748527113733 4.85927095036994 4.99587805375154 5.33046013993095 5.16106597980923 5.28435749476724 5.59607220426828 5.33569414152096 5.00894191346179 4.89012251730073 4.79737506670908 4.71360875104567 4.08109305325853 3.83909504001118 4.0410971971116 4.12095222953602 4.2403553146301 4.03594354771872 3.63289225222943 3.58838499206642 3.15685960523083 3.59117280486932 4.07659216772824 4.24118007604238 4.18094443076585 3.63680682810893 3.68523327316751 4.15561773749878 4.45981578392658 4.15813432327967 3.68229174079227 3.36114760233063 3.62975557375086
-9999 -9999 5.56431005057968 5.35416068305683 4.77714765635139 -9999 4.47156225178751 -9999 4.89098058640029 4.89633724717761 4.407265564667 4.54759692443482 4.4493130969736 4.26503650116338 4.34434793090437 4.40571411276037 4.42939988339991 4.35733734153388 4.15901250056004 4.22941176236657 4.04910655243739 4.49053112433061 4.57151980206932 4.829017222122 4.59625086176511 4.49530101523897 4.34225778830556 4.10101944376963 3.66348407515863 3.39385725385109 3.65477872239491 3.75938081609317 3.75745117374465 3.34045171695389 2.99416312732415 3.07056559733906 2.97315343898292 3.60585146366041 3.94340034406842 3.92738539464294 3.89826448648724 3.30407184829088 3.39860920888738 3.94154702131816 4.4816801926229 4.14812467553257 3.33392226591288 2.69298018886384 3.06408247874715
4.65453832529527 5.44652550066874 5.70345905660505 5.59490132235231 5.70006272034695 5.21321252349212 4.93523996712527 4.50228323612791 4.09579823444647 4.26962629485366 4.13667055441156 4.21828598302811 4.08066478443106 4.0736028764578 4.36010530960863 4.32272522152902 4.17526214062158 3.92164383025163 4.04368418137201 4.07818901740336 3.91989276462165 3.94408855365291 4.18061974505762 4.49494475811707 4.39592846245651 4.28141582991625 3.90980820690805 4.06383011375043 3.71056328858271 3.66496272195616 3.66468349212571 3.66384667195 3.80976700018673 3.48526261508989 3.41462768414662 3.47536872891876 3.28129012035435 3.67564931534206 3.69115003962191 3.77617693678726 3.48169347016405 3.10938691809361 2.96136621220937 4.03974366342961 4.45191190752595 4.24781400995188 3.15826915105499 3.0491646780145 3.49268182859703
4.63039423469738 5.35542700164678 5.54654594019831 5.53447398632607 5.29801991134116 4.52036235941036 4.26246572865815 3.75020176160168 3.6544670744907 3.83057747792088 3.69467976626078 3.9884731963012 4.17173553043124 4.10424830478945 4.42678281338053 4.12662467428963 4.15429968698179 3.75370875398228 3.71588529470364 3.85282793815777 3.63354888609719 3.65319189605634 3.58374309567665 4.26511470310852 4.50321477851525 4.52496926726479 4.21348804484215 4.24303026042353 3.97598674473295 3.87707273964095 3.51335771349704 3.66938673939675 3.88042968481306 3.94432806363057 3.91934512695482 3.91186730079678 3.93269014007635 4.32373631182435 4.33314851009538 4.33269153577223 4.01457740086134 3.32495131689572 -9999 -9999 -9999 -9999 -9999 3.71710381666384 3.90142470228905
4.15986654141009 4.55151834395374 4.93005876873285 4.98028560789284 5.13730335925685 4.45824008772075 4.33793549505612 3.6390888417823 3.74896800295067 3.61465913993212 3.68127334218911 3.90830070572999 4.06558257398908 4.02480304453377 4.14525668818213 4.07820619020395 4.06667218161578 3.94390965565751 4.11980716017614 4.36318339900353 4.1788408731547 4.04956514834139 3.91281003466705 4.17797659103909 4.5482160007918 4.71753425401173 4.76015210851996 4.65265805310574 4.17371381762856 4.01362267602602 3.43435036205881 3.80476849244779 3.80043881742935 4.10017328355828 4.00210947632356 4.1720175331476 4.23512709288669 4.46394057886569 4.47153762760688 4.48007591498596 -9999 -9999 -9999 5.72555412310234 4.99879652090235 4.92195924163025 3.98699527982025 4.33315489418851 4.35669117197871
4.10723720267336 4.25778047570517 4.31314982830074 4.32740110118259 3.97501275065911 3.57548359039747 3.61876791230414 3.36364901253929 3.78315321290941 3.57208818396176 3.69406160229375 3.59266795705335 4.021279107584 4.08537890211854 4.14410897485115 3.76813828675965 3.65952166877198 3.62599867269857 3.62797892548168 4.01272790425038 3.85041726450842 4.27105402343774 3.98668011462471 4.71051996463319 4.70686846380011 5.15686664098684 4.76244543027401 4.69374600903782 4.01178170816198 3.85748692031502 3.45748059977822 3.79694618617382 3.79955280189882 3.96033914661112 3.79517254970993 3.88171230655164 4.13009543784677 4.54424129566483 -9999 -9999 -9999 5.61662839169822 5.79722849963825 5.78984005513071 5.19596478756715 4.95991040630876 4.31712421477427 4.46712739387035 4.23417512068763
3.77355892362145 3.72719609142191 3.87293947667682 3.71593105985605 3.60430835844136 3.4361851885989 3.77328029333027 3.58004879761386 3.91794838570414 3.40324350724366 4.23919538804716 4.1881313426766 4.72655878464556 4.16359093998719 3.83919021538238 3.57391118109365 3.59836827589952 3.91863363351082 3.91093924849846 3.99642051386823 3.58110994802007 3.8010966622155 3.59106164849524 4.27090129401464 4.25158505974332 4.71441456554099 4.29811637313922 4.40385190388564 3.9430613650562 4.05345076861591 3.54145853402108 3.60701378519412 3.48069240252154 3.74901887688486 3.7296491171593 3.73768015539481 3.84626263959095 -9999 -9999 4.34048528033479 4.87222981223793 5.14248736357451 4.9761070514869 4.78534725225212 4.48045940931409 4.49235825479149 4.30625731858842 4.35362294960846 4.3460758791675
3.85355293426084 3.74690655539157 4.33460350931709 4.18481933952835 3.97435094505576 3.80218935695628 4.09337809483577 3.99805106307114 4.03571842660347 3.56744164631071 4.56606573403787 4.43852351536895 5.26223614418143 4.38331203434678 3.98706902351749 3.73099354932948 3.64904506096773 4.23068518234503 4.16969829625163 4.55232636688517 3.85619223874885 4.23525850204844 3.8666170895467 5.13908252692615 4.46050958210646 5.05494647439358 3.92289451499659 4.51807993969569 4.14099799474827 4.28984391019819 3.68450488317668 3.5161685288648 3.5898097777476 3.82321588924946 3.70297955392443 3.5548232207805 3.54642348051067 -9999 -9999 -9999 3.75815210698302 4.14976868625686 4.04850768950524 4.01312924808243 4.35566836190085 4.5008182451174 4.41273141799216 4.27647598399807 4.20494184878585
3.7467108755852 3.69900466613015 4.6657450923853 4.38950302538428 4.1608048023576 3.82570669267497 4.26523441248785 -9999 -9999 3.41855125235461 -9999 -9999 -9999 -9999 -9999 4.21849092834344 4.22483087978558 4.68768393963533 4.34787464523685 4.53741736885953 4.15249351754959 4.33354583368297 4.34818014945537 5.03324894134558 4.69272102532904 4.63081501210589 4.10167407234125 4.34905819335778 4.36603021164267 4.53472920094494 4.08419939170268 3.97378681499001 3.78254709207165 4.16593117900808 3.88758296374984 3.93976087274873 3.71352208625821 4.06023714675741 3.44905866188348 4.36664968730948 3.8936107840708 4.20141957646449 3.34087367198095 3.44809765214526 3.75162435635199 4.2333209998432 4.29928531853389 4.09067883614803 4.26410002066295
3.84609467112878 -9999 -9999 -9999 -9999 -9999 -9999 -9999 -9999 -9999 -9999 -9999 -9999 -9999 -9999 -9999 4.50835414486617 4.884628491024 4.52143448778999 4.81880925591367 4.56778558442304 4.90477801568445 4.94223317532322 5.6503167371555 4.99625627452738 4.96492041782429 4.28320408982036 4.70026113653335 4.58592703860698 4.44539222524802 4.25405317176264 4.09844053819014 4.40766277205128 4.57284242541879 4.45629057159315 4.36817807774001 4.05921778794377 4.36731473015428 3.63029783667001 4.25976250164424 3.55537772333634 4.1260032063459 3.52380860947998 3.63070647139933 -9999 -9999 -9999 -9999 4.23463028079462
-9999 -9999 -9999 -9999 -9999 -9999 -9999 -9999 -9999 -9999 -9999 -9999 -9999 -9999 -9999 -9999 -9999 -9999 -9999 -9999 -9999 -9999 5.0351449775013 5.25143294117546 4.81819335211865 4.55232915851543 4.27945360368296 4.35966159285649 -9999 -9999 4.92380894946881 4.52201039020693 4.96805845749294 5.10073069931639 4.98291092039696 4.80190691071724 4.27063620582172 -9999 4.16431370827551 -9999 -9999 -9999 -9999 4.67009594208801 -9999 -9999 -9999 -9999 -9999
-9999 -9999 -9999 -9999 -9999 -9999 -9999 -9999 -9999 -9999 -9999 -9999 -9999 -9999 -9999 -9999 -9999 -9999 -9999 -9999 -9999 -9999 -9999 -9999 -9999 5.00271032644728 4.69382302769762 4.90135927466801 -9999 4.80141381305214 5.14499585006578 4.30875531481044 -9999 -9999 -9999 -9999 -9999 -9999 -9999 -9999 -9999 -9999 -9999 -9999 -9999 -9999 -9999 -9999 -9999
-9999 -9999 -9999 -9999 -9999 -9999 -9999 -9999 -9999 -9999 -9999 -9999 -9999 -9999 -9999 -9999 -9999 4.0926130824743 5.21198649075271 -9999 -9999 -9999 -9999 -9999 -9999 5.0306571006262 -9999 4.8962252263262 -9999 -9999 -9999 -9999 -9999 -9999 -9999 -9999 -9999 -9999 -9999 -9999 -9999 -9999 -9999 -9999 -9999 -9999 -9999 -9999 -9999
-9999 -9999 -9999 -9999 -9999 -9999 5.59373625851451 6.1013769019761 6.0188372743616 -9999 -9999 -9999 -9999 -9999 -9999 -9999 -9999 -9999 -9999 5.42841017388449 6.17630467746466 5.41387828252417 6.31795389749787 5.99953265693317 -9999 -9999 -9999 -9999 -9999 -9999 -9999 -9999 -9999 -9999 -9999 -9999 -9999 -9999 -9999 -9999 -9999 -9999 -9999 -9999 -9999 -9999 -9999 -9999 -9999
-9999 -9999 -9999 -9999 -9999 6.18102439583777 5.54071063643644 6.1013769019761 -9999 -9999 -9999 -9999 -9999 -9999 -9999 -9999 -9999 -9999 -9999 5.98168175217401 6.17630467746466 -9999 -9999 -9999 -9999 -9999 -9999 -9999 -9999 -9999 -9999 -9999 -9999 -9999 -9999 -9999 -9999 -9999 -9999 -9999 -9999 -9999 -9999 -9999 -9999 -9999 -9999 -9999 -9999
-9999 -9999 -9999 -9999 6.32123057008179 6.35064257922132 -9999 -9999 -9999 -9999 -9999 -9999 -9999 -9999 -9999 -9999 -9999 -9999 -9999 -9999 -9999 -9999 -9999 -9999 -9999 -9999 -9999 -9999 -9999 -9999 -9999 -9999 -9999 -9999 -9999 -9999 -9999 -9999 -9999 -9999 -9999 -9999 -9999 -9999 -9999 -9999 -9999 -9999 -9999
