processes/BIMAC.asc
NCOLS 360 
NROWS 156 
XLLCORNER -180 
YLLCORNER -71 
CELLSIZE 1 
NODATA_value -9999 
[rows 0 to 21 of 156, columns 294 to 342 of 360]
5.65222254556672 5.8244552632713 5.03947579978724 5.61814066221281 5.24314029641226 5.59005673136835 5.33522606850486 5.18130008265225 5.05063857697102 5.16752666049319 5.44884987732695 6.0869068334736 6.61421691957068 8.3681569281269 7.68866554441562 6.35863734697622 4.15140361697163 4.5669039352888 4.52288045036099 5.6158576760438 5.21799996091349 5.34334954344672 4.65416547009544 4.81994965521029 4.5435239911248 5.91749914243224 5.73617100805487 6.38185544725532 5.55284133605068 5.74645410593187 5.66418111234161 4.94398023271715 5.35753828705686 5.7550177789861 5.86100426534362 5.75434854714491 5.68852015523107 6.19323819833075 6.47002679224151 5.54800964786584 4.74633844688805 4.08795678468597 4.98036148035431 6.12020834463774 5.84426734353114 6.11819844117542 6.05522576250012 7.09675443047413 6.42483756106069
5.95763417374959 5.67551866888873 4.87161420629828 5.40640975475936 5.09042883868754 5.55776876079045 5.22185286445938 5.09408382236305 4.97184096744972 4.9966189395085 5.30311233738854 5.56257016697704 5.91861435011803 7.16635632195316 6.84384667085135 5.98761905109493 4.2067425585085 4.3744531527011 4.63105028383029 5.65083216571481 5.5702168031385 5.59590794841977 5.38699093085508 5.55248647490222 5.01493731019297 6.12049772797116 5.92135288451798 6.53766603730533 5.69438512034644 5.81748328249582 5.57974250959235 4.79822625748608 5.05922598519345 5.33753613317958 5.54681173193163 5.42746509731221 5.45998384411401 6.1521900184403 6.10193060546153 5.44339367670258 4.44777055516984 4.26985722161035 4.81605476859841 5.93439536417895 5.76847337935106 6.04531003443844 5.68011067740651 6.34563907094963 5.71011947531581
5.60690786283746 5.69652613120651 4.71021464494834 5.19829362614653 5.1760443528823 5.95762335005194 6.01304761170437 5.89923824138034 5.54383513727715 4.89829103979474 4.85466618395002 5.24643212619773 5.41442517734504 6.31076205232298 5.69801685889673 5.36263353719638 4.09483495583466 4.70974145341798 4.92556869873528 5.89493719351806 5.63049557378962 5.42652290213348 4.6706601635609 5.00772292484855 4.66355023837558 5.84149358352296 5.39021519301719 6.0534966186984 5.36387489107373 5.5399598103027 4.90435592520615 4.14684861418257 4.76258079040835 5.10174722604748 5.35450510780934 4.55526628778764 4.99988270579238 5.55000094514337 5.30107221821637 4.68704923264947 4.32805620817159 4.33977710341339 5.00599711462137 5.58546704315203 5.91507605301042 5.88253207901221 5.24726946314339 5.70763205994757 5.20143645734923
6.12230983190817 5.65262666224008 4.88320223040808 4.8270038665837 4.6412773731974 5.39910640761715 5.23780118548412 5.91930211772271 5.42695942275488 5.20737749541725 4.74356523828493 4.86241700464942 5.04383044894601 5.48678133418875 5.15247646972901 4.70301532168185 3.90236499309332 4.20254108371965 4.78167205869485 5.60088824940428 5.81256168533088 5.8465582344723 5.64587092703603 5.91184547341694 5.37012328994744 6.05194521180545 5.4498433709826 6.19324252790526 5.49904042934902 5.69378743491979 5.02516949208926 4.36979380839437 4.94530644866018 4.9156125465687 5.1412114393779 4.39156290867122 4.80301602976021 5.50064917174211 5.12049237466325 4.96021982232864 4.43172389525364 4.74835609770357 4.9773097464625 5.62795350519677 5.74890385487844 5.73567244821306 4.8332895123515 5.09535931031999 4.4991302491759
5.52769491174424 6.09938476463844 5.47800985282476 6.00866994338619 5.55369470576632 6.18625176681702 5.88534543431111 6.59452510853526 5.89635412629774 5.56427104051916 5.03936254171246 5.13310052997883 5.23365655940538 5.61965064315937 5.09838067948681 4.83615902410692 4.09764770664251 4.67492371146799 4.64106581134972 5.37520878235165 5.52222429059163 5.47637764545793 5.04989010500981 5.33472715574331 5.29730830595929 5.85603190460983 5.07931364089875 5.88427878376046 5.52668485336759 5.76863451529927 5.20306187355412 4.55717880873955 5.13203535942809 5.11908395850239 5.23796548250902 4.29603785642329 4.8734408725671 4.97054620477814 5.03137989539747 4.53074898405373 4.75655405684106 4.71202972559488 5.14305671230908 5.44887227502642 5.47065067771506 5.26428648163621 4.66108360347219 5.32792921478579 4.99978746400091
4.99661674455565 5.59925655020381 5.2968679598472 5.77357001366341 5.30428530242329 5.49067197463829 5.51125330912302 6.45630103274385 6.13825131958225 5.50572500443373 5.08206204372426 4.95738993507834 5.08598200253071 5.2369183296084 5.14029398142792 4.83437779270804 3.91064851937059 4.15645565218368 4.15346558714574 4.87044607584156 5.35386544002835 5.68880050062116 5.87229708752298 5.8407288145335 5.58906231871555 5.88851691044441 5.0433056661291 5.8624265138512 5.24998768734772 5.38152841666957 4.78465085429977 4.32314838152011 4.8032799645591 4.66130537926576 4.81150731714948 4.69229277968645 5.05381547278183 5.58459286678837 5.24464258234093 4.90109813392004 4.69109903301077 4.68558886362199 5.05843764255026 5.16441598842405 5.05028634487591 4.74266429197096 4.41363173807147 5.01319747855612 4.91968703251143
4.36874446206584 5.48178539703784 5.37006525327683 6.1941199155036 5.8688156951007 5.72219337643336 5.81057667037943 6.13240142980918 6.05493861142422 5.02370076283711 4.91784025162495 4.75426446691647 5.24960221300426 5.34204521181266 5.12656643279548 4.74061338897071 4.03055387497703 4.61002734217639 4.33031536931404 4.74982053272573 5.20654252497764 5.26367186835855 5.52279140219076 5.24356940140258 5.26356255685923 5.51561890365825 4.77675180443611 5.61125724260069 5.13089408388219 5.32098644715859 5.07326287097183 4.7147932370634 4.75617104164093 4.67391566061789 4.81044963328477 4.66715540560006 4.92277600379059 4.95043485501271 4.96960603046792 4.35792451316931 4.53413793148444 4.43749212243651 4.90256940514717 4.84606955344894 4.65003363544105 4.41260584984121 4.40442405569983 5.08015474749802 5.2149147212215
4.26376931885348 4.84932249516356 5.11022469682955 5.09054381247912 5.133157643364 4.73788395609674 5.19211643554901 5.51760264829169 5.66505095893107 4.91222744241287 4.68497732411654 4.85320944683101 5.33292592172641 5.26647319705484 4.81232969089162 4.17303078942034 3.75550227498523 4.38015665308489 4.25953567982551 4.50010052743498 4.68712988268496 5.01404843228038 5.47102027819945 5.25726783282675 5.50069304246973 5.55562975817875 5.05334644310632 5.17173563308163 4.91151786482489 5.28789117100375 5.26829591013834 4.91402609335792 4.7738160812241 4.67844179556123 4.67418305984558 4.64980344519111 4.7777079202421 5.32255429983442 5.3082071958796 5.05282312215875 4.71647489790525 4.52327367545725 4.82415370504011 4.54337711284595 4.34542476511611 3.95444186925475 4.12176123800602 4.49066356910552 4.58134909093293
4.57877273538994 4.76771320622912 4.96927164907426 4.91395696846486 4.96329749240133 4.58842923836089 4.61221711775229 4.63147021765948 4.69887684153105 4.52238060269606 4.44485924664413 4.37892772336923 4.7325696323992 4.46783557427135 4.27803493436401 3.94941218104089 4.43087977590357 5.08264677229947 4.91477556994946 4.76965107516248 5.12358919429791 5.17075321356448 5.41036901823753 4.86675747310266 5.71349022772366 5.65214417391514 5.26714890272037 5.03184915798185 5.13185924196309 5.86796295911169 6.5504743506892 6.1609198385949 5.67691371427768 5.23388708086727 5.20538324633728 4.48574386408635 4.40306807163137 4.73181351585357 5.16987603364931 4.71919252199204 4.26044866386455 4.43309995277223 4.83169658338573 4.7528497651795 4.30032263908604 4.10708590118033 4.4250082159958 5.16425982209538 5.48924581409872
5.14180678591738 5.01377867378892 5.23692847427144 4.86320493790688 4.65830364154047 4.18637461422833 4.54664355360789 4.71192471912087 4.88709744332892 4.76255517074218 4.47147792311173 4.48514458770732 4.06464414103874 3.99078141114165 3.90115340402235 4.48813722444124 4.97264506556103 5.31936576529104 5.23581376115802 5.16845735290622 5.29815958190395 4.82744316897455 5.40553360007245 -9999 -9999 -9999 -9999 -9999 -9999 -9999 -9999 5.7534178117199 -9999 5.23144801645136 5.12156894788739 4.43904120595841 4.39991595140744 5.00283350689226 5.47746617132083 4.86253682533173 4.05238130324578 4.16597278587637 4.83542180397427 5.00644752087106 4.83754181995564 4.34053070165933 4.37469365151644 4.85379825212065 5.32001535908794
5.7230214485234 5.11040246983548 5.08499660279286 4.68619847626709 4.12893023415982 3.90760581477404 4.44370691315683 4.57618485346807 4.69271781838428 4.19627163593451 4.18231553781851 4.11284926161953 3.73700167524647 3.68547622520882 3.53790234378512 4.30847720359552 4.89505657568987 5.4243474840414 5.60875572972655 5.57547684077192 5.90479854960403 5.12494318370101 5.65942930502035 5.00150743185134 6.81134406659045 6.18228224442544 6.76823156833552 6.35695588054624 6.92513898069729 6.09388024236679 6.8767100014719 6.12661406718081 6.53407193138199 5.19169807406169 5.54939875705688 4.71878350987616 4.79440606173762 4.8200780843247 5.15420479590569 4.55865779567322 3.78191840260307 4.09021255470585 4.88694518144654 5.58730467689555 5.4541094247624 4.91691197738133 4.43301450455217 4.88391639927221 5.45599115958102
-9999 -9999 -9999 -9999 -9999 3.81779955854678 4.69501585752477 4.76555329308945 4.90958940043873 -9999 -9999 4.45261295165554 3.78143009141479 3.96808653171749 4.26607901902415 4.6178565842899 4.66032725561564 4.35450367185878 4.90020077809301 5.34275563448339 5.75491123906115 5.35529319403413 5.84308200925904 5.54229533892296 6.50239632638637 5.59986383384333 6.12222202691799 -9999 -9999 6.09388024236679 6.62519498516609 6.22169184759077 6.3267498532164 5.37107677782143 5.24727219917874 5.16170096998946 5.5221297805197 5.23088458067321 5.38776903651229 4.81403769189304 4.73403490540087 4.27303790815096 4.95402873504976 5.35122144674473 5.88141078167639 4.96090785950278 4.58124320735734 4.15851242594001 4.77369406635472
-9999 -9999 -9999 -9999 -9999 -9999 -9999 -9999 -9999 -9999 -9999 -9999 -9999 -9999 -9999 4.25914162630238 4.3569242198952 4.32436149402211 4.42709103737033 4.7822724752855 5.16126536333927 5.64258889119541 6.13838837110869 5.65245868896884 5.51018550796543 -9999 4.64712895089196 -9999 -9999 -9999 -9999 -9999 6.97858621073322 5.65970355404273 5.49267242962547 5.57652910804343 6.36997442795566 5.81716090195125 5.7698875295027 5.488605733611 5.81366053161747 5.47231170245013 6.33009608040634 6.348105016736 6.315684025028 4.84447821697837 4.55219516755597 4.84275505263362 5.08999531576924
-9999 -9999 -9999 -9999 -9999 -9999 -9999 -9999 -9999 -9999 -9999 -9999 -9999 -9999 -9999 4.90103356696467 4.61271217352235 3.899758854587 -9999 4.34225124548251 4.85883421358707 -9999 -9999 -9999 4.92418632749262 4.06271407565407 -9999 -9999 -9999 -9999 -9999 -9999 -9999 -9999 -9999 -9999 6.61448798634169 6.20180294066193 6.08262121220711 5.67350462164443 6.44011707051121 5.93109608133334 7.0431414832485 6.59214759559658 6.61452497606887 4.93563222562948 5.0395759354358 5.14386862336681 5.17070922912151
-9999 -9999 -9999 -9999 -9999 -9999 -9999 -9999 -9999 -9999 -9999 -9999 -9999 -9999 -9999 -9999 -9999 -9999 -9999 -9999 -9999 -9999 -9999 -9999 -9999 -9999 -9999 -9999 -9999 -9999 -9999 -9999 -9999 -9999 -9999 -9999 -9999 -9999 -9999 -9999 -9999 -9999 -9999 -9999 -9999 -9999 4.61048019691748 5.42051157790612 5.10565858856799
-9999 -9999 -9999 -9999 -9999 -9999 -9999 -9999 -9999 -9999 -9999 -9999 -9999 -9999 -9999 -9999 -9999 -9999 -9999 -9999 -9999 -9999 -9999 -9999 -9999 -9999 -9999 -9999 -9999 -9999 -9999 -9999 -9999 -9999 -9999 -9999 -9999 -9999 -9999 -9999 -9999 -9999 -9999 -9999 -9999 -9999 -9999 -9999 -9999
-9999 -9999 -9999 -9999 -9999 -9999 -9999 -9999 -9999 -9999 -9999 -9999 -9999 -9999 -9999 -9999 -9999 -9999 -9999 -9999 -9999 -9999 -9999 -9999 -9999 -9999 -9999 -9999 -9999 -9999 -9999 -9999 -9999 -9999 -9999 -9999 -9999 -9999 -9999 -9999 -9999 -9999 -9999 -9999 -9999 -9999 -9999 -9999 -9999
-9999 -9999 -9999 -9999 -9999 -9999 -9999 -9999 -9999 -9999 -9999 -9999 -9999 -9999 -9999 -9999 -9999 -9999 -9999 -9999 -9999 -9999 -9999 -9999 -9999 -9999 -9999 -9999 -9999 -9999 -9999 -9999 -9999 -9999 -9999 -9999 -9999 -9999 -9999 -9999 -9999 -9999 -9999 -9999 -9999 -9999 -9999 -9999 -9999
-9999 -9999 -9999 -9999 -9999 -9999 -9999 -9999 -9999 -9999 -9999 -9999 -9999 -9999 -9999 -9999 -9999 -9999 -9999 -9999 -9999 -9999 -9999 -9999 -9999 -9999 -9999 -9999 -9999 -9999 -9999 -9999 -9999 -9999 -9999 -9999 -9999 -9999 -9999 -9999 -9999 -9999 -9999 -9999 -9999 -9999 -9999 -9999 -9999
-9999 -9999 -9999 -9999 -9999 -9999 -9999 -9999 -9999 -9999 -9999 -9999 -9999 -9999 -9999 -9999 -9999 -9999 -9999 -9999 -9999 -9999 -9999 -9999 -9999 -9999 -9999 -9999 -9999 -9999 -9999 -9999 -9999 -9999 -9999 -9999 -9999 -9999 -9999 -9999 -9999 -9999 -9999 -9999 -9999 -9999 -9999 -9999 -9999
-9999 -9999 -9999 -9999 -9999 -9999 -9999 -9999 -9999 -9999 -9999 -9999 -9999 -9999 -9999 -9999 -9999 -9999 -9999 -9999 -9999 -9999 -9999 -9999 -9999 -9999 -9999 -9999 -9999 -9999 -9999 -9999 -9999 -9999 -9999 -9999 -9999 -9999 -9999 -9999 -9999 -9999 -9999 -9999 -9999 -9999 -9999 -9999 -9999
-9999 -9999 -9999 -9999 -9999 -9999 -9999 -9999 -9999 -9999 -9999 -9999 -9999 -9999 -9999 -9999 -9999 -9999 -9999 -9999 -9999 -9999 -9999 -9999 -9999 -9999 -9999 -9999 -9999 -9999 -9999 -9999 -9999 -9999 -9999 -9999 -9999 -9999 -9999 -9999 -9999 -9999 -9999 -9999 -9999 -9999 -9999 -9999 -9999
