processes/BIMAC.asc
NCOLS 360 
NROWS 156 
XLLCORNER -180 
YLLCORNER -71 
CELLSIZE 1 
NODATA_value -9999 
[rows 132 to 153 of 156, columns 98 to 146 of 360]
14.212300025536 14.118200852626 13.9740549850474 13.4178568826025 14.6390695759086 14.1822447467541 15.2539649890516 -9999 -9999 -9999 -9999 -9999 -9999 -9999 -9999 -9999 9.70510124798483 10.4371084793929 9.51059676074289 11.3467143149662 12.2491414447642 15.0391457450579 13.4794321904151 13.4998091032523 10.8410792309738 12.3138379647669 11.7488372023163 13.9198263379534 13.7769302659166 15.0222827729783 14.0027970183007 14.6266653304201 13.7737828115352 14.5713631166852 14.2582859268527 14.8472163459718 14.5393453613141 14.726921979597 14.1243565007059 13.5916626614122 13.1323010240683 13.1143050100375 13.5176897601055 13.5402922994597 13.8595499864563 13.6000913093242 13.7528052738573 13.3320419891569 13.2920250534351
12.8252545828333 12.789863118747 12.3668227118246 11.9113264801071 12.9262329147115 12.5104036446093 -9999 13.8686251705018 -9999 -9999 -9999 -9999 -9999 -9999 -9999 10.7479297952089 9.66933524062429 10.545525111936 10.2057516190144 12.4308883693123 12.7370289023931 14.639786886314 13.7846545319078 13.4696347565714 11.6492021695696 11.3250807304234 11.1549705999328 13.2506514632705 14.2684083031062 14.8744368049001 14.3671641413988 14.1773282690443 14.5937345532304 14.3518823474368 14.3161625441763 14.0232778177976 13.746279662232 13.8258322576621 13.3839788988506 13.0978505174331 12.1950988628998 12.2033369860273 11.8446388275659 12.3980051244159 12.0901609575749 12.4783164597631 12.1349295311244 11.85687957823 11.9749277568328
10.5498582609625 10.7970831620929 10.625975476759 10.8211294601027 11.4623032461775 11.1275230694784 12.4455968424293 -9999 -9999 -9999 -9999 -9999 -9999 -9999 11.3138572685051 11.0595337733782 10.0138930821767 10.8791420134834 10.4995726963039 12.3421895330366 12.3826482552291 14.6584648177506 14.5124919285617 14.8257771448491 12.5194119581647 11.6743847929274 11.4318981507066 13.3491438198858 14.5126995170788 15.1322473332955 14.8443976506074 14.6559096473334 14.7580182850661 13.9807308713627 13.5065217328768 13.3291924910845 13.3345655348476 13.4783195582365 12.3114808224284 11.9507227737161 10.9170480693505 10.9747838610733 10.4290124977078 11.0985613271914 11.3103870116658 11.9530666008653 10.9696681808454 10.3401690278834 10.0852454641464
9.95665453396833 10.1326547338836 10.1279430015939 10.0248739148291 10.14276173132 10.6449055437499 10.8734153376406 -9999 -9999 -9999 -9999 -9999 -9999 11.740492437846 10.9645630213383 10.4013038275138 9.80539871225946 11.0228734802157 11.3802044690279 13.1246547756772 12.6345647292806 14.1709926374495 14.6891189203723 15.183449116697 13.1825610117137 11.3237036254813 9.9619089157665 12.1908833101434 13.7570009275401 15.6386451648532 15.2590121863426 15.0896961711517 14.6348193320794 13.3020759985019 12.7795237406787 11.9392117572947 11.8680937937773 11.3992455963919 10.181569334183 10.1739099346731 8.91774262979184 8.81710667675978 7.44802955829304 8.29233988605655 8.72144435367625 9.48171713475491 8.3633121125515 8.20882284778429 7.64435421113574
9.33540631027869 9.1992006838238 9.24484754718881 9.32847921088472 9.10521551962878 9.58802189926991 9.72512105061088 10.6098859283261 -9999 -9999 -9999 -9999 -9999 12.5462225673361 11.2158720711552 10.7090843438027 10.8631300761722 12.1862973374867 12.5577530659146 13.3242793531202 13.1667212920485 -9999 -9999 -9999 11.9734930874998 11.2951527451716 10.7028277144837 12.7193841676297 14.011786013533 15.7510956898079 15.0337138229389 15.1269319930425 13.9266795724513 12.6815102087479 11.6090371221554 10.1664244289242 10.3841706596092 9.42506486412656 9.10118023093163 9.28158064647229 8.73038916047226 8.44605858748287 7.39549923188354 8.08500513440491 8.83062053829839 9.01498779597692 8.34304575688629 8.2061209753174 7.42055517237254
8.25862413895291 7.4307451983745 8.049608555438 7.91606621682108 8.29309891297447 8.85845482108081 9.23786242841338 -9999 -9999 -9999 -9999 -9999 11.6234172756799 10.7368487089732 9.92120248100681 9.8209007387929 10.7205138332575 12.1584693142505 12.5561330920381 13.7085765628227 13.5122553373001 13.598375701274 12.1656130614595 12.1923902437913 11.2330247490956 11.0527260468471 10.6144457882326 12.8477032096093 13.7512241009647 15.0800077545592 14.2813111370296 14.4445437662694 13.3427226221045 12.2843025888924 11.0667998014081 9.20386520511099 8.63947709905822 8.00205415645134 8.64192932740664 9.27738310976417 8.19459056185463 8.07825752728045 6.4939085945205 6.96372191333063 6.50384985148708 6.26870652852573 6.01732970231705 6.01916597968531 5.80063778027955
7.90638001466013 7.1037009155848 7.76199037991282 7.51066887622244 7.90048549200442 7.895202327262 8.20761690102294 8.07203454946517 -9999 -9999 -9999 11.1030334857026 11.9030931560737 -9999 10.3070613362422 10.7961752731837 12.5502886391655 13.848268266413 14.4234614505087 14.7057135590747 13.7673634950309 13.3229335920871 12.2799374028988 12.0366137853821 10.7320221729286 10.4636170607958 11.1967681117051 13.0633788099015 13.6298766575093 13.8260512376325 13.1816835242468 13.2751680613433 12.4694388801388 11.2448213936901 9.94213212286953 8.24728741470381 7.89125104458402 7.57696007991475 8.28708786262673 8.77723422556989 7.74887545649906 8.13442548593131 8.41010566602988 9.08930424539036 8.43947303314406 6.95946322677081 6.49996465997893 6.69044293042388 6.82777301641126
7.15222421976275 6.68784241568682 7.63618501327531 7.09368366324929 8.0547338146644 7.67108950147027 8.61324531100272 8.28501934414605 8.72166676922506 8.78657063585949 -9999 -9999 -9999 -9999 -9999 -9999 13.6898325778118 14.2657357475212 13.7926729497184 14.2781682971278 12.8059939276925 12.5935076019 11.5701536216468 12.1807098368545 11.4251759530717 11.7380497531927 12.0953118530232 13.4985006124013 13.4482162213563 13.5058857745043 12.6341977283367 12.2685725090333 10.897228752452 9.42606190292881 8.16152399374137 6.71131898023985 7.0492728942645 6.99916166867593 8.18497397514899 8.51853113097455 7.83784988181621 9.18442218071722 9.06967739738279 9.94360992093631 7.79711547505907 -9999 4.8946405332654 5.03214597965708 5.64046147065664
8.61768477236951 9.18241616947379 9.91028222215522 9.6879299647403 10.1332615929132 9.779157946905 10.3716344297773 9.85923319077695 10.2396798475501 10.1259306769743 10.2814937388131 10.8716986286772 11.3225274473727 10.9512485391787 12.4596721556292 13.1657181012863 14.8646767935125 14.083983876682 13.9519774997039 13.679663450048 12.8335450907388 12.6739239296738 12.6334173213133 12.7083279795128 12.3367331363181 11.9980513566688 12.606091234483 12.931431219425 12.7892586475016 12.763285632077 11.7136863054274 11.311900519031 9.91925907131404 8.70758094371257 7.66590435829415 7.21580233237014 7.94325391270854 7.50360209399998 7.80913400823266 7.42520054260742 8.30441127563086 8.91920489988705 9.52346988262241 9.44230493797391 7.84531417843359 7.08411398867809 5.369606272368 6.25270594625688 6.53061357492322
9.2769223682253 9.44254927806443 10.2425466943124 10.1691982496551 10.2825007408707 9.80853531119776 10.0190830647191 9.9937025436182 10.0310450660397 9.99610704589713 9.8066719879868 10.2335552249992 11.1693989133692 12.0232091441167 13.7070048779179 13.9840154577393 14.4460608597097 13.7294780968514 12.95257157029 12.9358602642468 12.5825628491574 12.924255855799 13.1104711099742 12.808110278578 13.075373975139 12.6220474290901 12.7913122780063 12.1504165171989 11.7266207762915 11.3475269952679 9.68857875815517 9.1117786199787 7.76014518448705 7.13253356746933 6.19726950927279 6.01781847979185 6.94514652395004 6.38937010176817 7.14431834576585 6.26065432920137 7.69366906929702 8.95412652201812 8.76637130263576 8.37787351974614 6.34460094772896 6.89712040683887 6.30112202176621 6.18895794167043 6.29871436576327
9.59226964199405 9.77534194173519 9.88374612447408 10.447923721744 10.111777465287 10.3721531310986 9.78155164479541 10.2956952428773 9.93610677132416 10.2660259088332 9.69885038805227 10.0790212163601 10.9049836827659 12.403102569222 13.7640307747504 13.6238851259604 13.6345937239701 13.0001289578389 13.0531857120482 12.7075108512978 12.835940757429 12.5191747073865 12.4581939216687 11.7372791086233 12.0296516843239 11.0374734259989 11.0559814290594 9.69252434787209 9.80818948128927 8.64645869703936 7.82581358760162 7.12944504255644 6.72986270983175 6.73848107848464 6.54757187036682 7.45203339283208 7.66303593610366 7.32428000662014 6.72245128709339 6.00720861427857 7.20878075871494 7.59249988482694 7.84442157344428 6.57132507878734 5.99114211134933 6.34440907310072 6.76975568767032 6.76970451488079 6.24989293520964
9.41781648980559 9.01144848244897 9.30754346274511 9.23279388081852 8.77465949841197 8.57911909126614 8.33766023927076 8.81584903688833 8.88689132946141 9.07151951914213 9.05527775744287 9.64938654277104 11.3772901978784 13.3531705268027 14.7534845642985 14.0307540547136 13.5285695741967 12.5686842373865 12.6209841830265 11.6874926074894 12.0401268475478 11.6710238313241 11.1921887642556 10.7208773090119 10.1144220864986 9.56706113749484 8.76526784221789 7.73356360895367 7.699519614384 6.11124563968286 5.96562603962871 4.94993433282635 5.69137620650388 5.10157233445812 5.85812556092679 5.77171993845483 6.28248843207014 5.44217998862999 5.4151889212616 4.8437065025942 5.56328968112161 6.47256279519736 6.78692820483554 6.2248764223168 6.37228566064776 6.5348454809937 7.71976789435051 6.44628985202728 6.32345415846371
8.63711146733347 8.89160835269149 8.55456115137953 8.74761452569586 8.11569785487398 8.35249319108495 7.87418909434953 8.68355393633939 8.67985717863667 9.22218065851655 9.58765909068844 10.7763966024709 12.3082051614599 12.5554335533442 13.2815188002028 12.5739106693821 12.9662234805342 12.0296569041626 12.4278824552885 11.5282135739238 11.1873504412945 10.3522146689614 9.11599277927643 9.46800460984304 7.95956890369393 8.21312292833783 6.87921826180072 6.88739725280216 6.31124626164852 5.47981932040985 5.66828521661362 5.05123391984105 5.53261602339611 5.12221400286557 6.04387622009025 6.04554978026035 6.18691148569007 5.85004676103314 6.18663684991972 5.89401771951105 6.84689055607929 6.10577547166696 6.45833360006851 5.13015073189247 6.09001969248871 5.64503573460326 6.43905445078508 5.44399944633175 5.78440203311509
9.65986975986666 9.84147598549857 9.89445407494516 9.54582260499117 9.17719924778006 8.69411743604139 8.56337245773583 8.31794915177896 8.72759405228745 8.99017886813758 10.2402388910666 11.2209643643998 12.7666360997342 12.7885982403526 13.5977197860685 12.4784334659315 12.7508357684869 11.5407011259513 11.3136507411671 9.70083317316164 8.95147155633068 8.18733313047069 7.31438709969802 7.49055229274779 6.22836683328732 7.5754116166797 6.36841050082499 6.90894758464666 5.58247512580344 5.41602868819595 5.74247373233726 5.01323281649099 5.61164527829539 4.80877030341485 5.82537781597226 4.89259261134086 4.89291479601735 3.80483973888707 4.41270433502858 4.1655220312898 5.7158429204559 5.0444879409535 5.65219561483072 4.15682462327268 5.62550479208753 5.3468829288562 6.45740893183618 5.55022114850291 6.21187143592786
9.26455253588443 9.70221561666361 9.52471187176716 9.94215543291132 9.78285849317327 9.54848928446297 8.87043130132706 8.62982747076801 8.74793783423196 9.45129050138619 11.0834370258207 11.6988130843767 12.766048694014 11.2329424884604 11.9477604611241 10.9912735179038 12.2836939524259 11.5926835154822 10.7111675128487 9.88907886386802 8.23503485773075 8.03282714966156 6.23148596173341 6.92359828285725 5.83589270511556 7.62194777124302 6.55405661401837 6.87733490743206 5.35292628864877 5.62091453976584 5.58010013963699 5.25043906872609 5.06498596078191 4.97385018364829 5.17688382990431 4.6303837698536 4.61361357252528 3.99837736939618 4.95294984524831 4.80107460166555 6.11674619078246 5.21129289202975 5.97122324434656 4.99663915184092 6.1853119604898 5.62614610666193 6.49990257145455 5.93063499846682 6.33815786481034
9.75561193115301 10.0040769136507 10.4817565222663 10.2544534825885 10.5177808109509 9.4646329469348 9.72458327011539 8.85708737563261 9.75586554503681 9.42474501485503 10.7387731472561 10.7472925010688 11.6366159468675 10.8680271688462 11.7298835036218 10.6716111551624 11.7674552326558 10.216356249121 9.27572188052805 7.79488505280231 7.19104178273522 7.10783041099857 6.01623021115508 5.87607578408029 5.60374984597189 7.22447639906053 6.51071254403689 5.9933499486332 5.29751855389003 5.13324818560227 5.84081045087007 5.17267271914809 5.67903489730323 4.96987475775717 5.02905488401939 4.26020145377049 4.64494552145556 3.6525080949451 4.18154527742877 3.77151936316546 4.86613070142732 4.21509009388297 5.2475930174226 4.95930932432598 6.05791109909919 5.53851989238976 6.05209071560916 5.85230984092296 5.83247174767874
8.69624517029382 8.76695979331464 9.03256797648664 8.66521934146552 9.01832178748854 8.26293157698406 9.00254465388058 8.52885758277275 9.42770735977686 8.81776853968563 9.83206623383741 9.78164081848961 10.544022081075 9.45542509665604 10.0510474100238 9.24215551680017 10.5845135375854 9.43104618927424 8.49746049743748 7.58721105828474 7.34336038976226 8.14618481182575 6.73357427770536 -9999 -9999 7.83476230317013 6.58507213030927 5.39638283074318 5.10813170941616 5.08576203400146 5.9249160311001 5.62659494742807 5.73232832631603 4.89933658205233 4.46315864278403 4.19120316117084 4.74237976474786 4.66934119965349 4.96707524500006 4.32945974153829 4.63314806286902 4.27525352337936 5.33087293970451 5.48486930018426 5.9223222365351 5.31733895373098 5.60077886900971 5.39667151475878 5.32593198229603
7.48243090621231 7.83191538168057 7.93116875113094 7.24895593661737 7.57477504081931 6.52903114037215 8.06190076810006 7.44265230168107 8.75299081089898 8.28539387296459 8.98811212559412 9.47567654502375 9.21083991264665 8.81337655148878 8.71323879628018 8.28249229627841 8.8899870266002 7.85494794005986 -9999 6.87413411933782 -9999 -9999 -9999 7.29004864092932 7.2807033062563 7.34321955028196 6.15673891947626 5.06986974498954 5.2311896078247 5.20674545585372 6.29057517658906 5.67996531365564 5.6669712642943 4.31293406087239 4.02777614116278 3.92919103296672 5.03918343961029 5.32867994587516 5.07813491249 4.43878491404189 4.48558950899163 4.84295297446827 5.23408128908705 5.26148970240445 5.14442651824351 5.05721031012022 4.86531225629375 4.90591039669618 4.89115320148841
6.59512863946854 7.00951620393609 6.79316860914842 6.8010169953944 7.02336875194948 6.37761893341462 7.86909297363051 7.27426208784802 8.73256591214549 8.13333854453367 8.74344808770528 8.70214902905558 8.35813390707872 7.54122447628669 7.1885669542571 6.74868226115413 7.52399157658434 7.31005789468956 -9999 -9999 7.31739794516618 7.75584845884257 6.76551311538685 7.0785397259802 7.08966999641812 7.33192335243546 6.41025089508605 5.05551606701985 4.74095131199001 4.74305470722503 5.81713756908396 5.4679936718999 5.63338514448952 3.8729807656762 3.74562802224221 3.28070820239711 5.00295753652874 5.1556186471655 5.00593055392875 4.29346411982582 4.44580638039803 5.09395030294901 5.26515783220997 5.27521188520878 4.39564914309841 4.06820631681062 3.19021571080961 3.55264893295724 4.27422282491888
4.79996302999937 5.59676578701046 5.55131689131502 6.51019786590801 6.87650838854435 6.1725160840543 6.4875078597764 5.60196173999019 7.07342970171163 7.68564564387155 8.71925709100372 8.77733084698344 7.95264318507523 7.44613097835288 6.85109577796238 6.52198149069872 -9999 -9999 -9999 -9999 -9999 -9999 6.79979877261616 6.71051897755584 6.56118616677214 6.66625560777073 5.90133990016822 4.66026335796063 4.66254593025466 4.83425052055019 5.52840703033337 5.30295263395094 5.49189925553792 4.08540162719937 4.02985631394866 3.35600992813188 5.01863876788881 5.03208496749714 5.49358421476864 4.72592528309548 4.1711069277971 4.35992805320348 4.5825922954177 5.26300361250498 4.3136461861214 4.04488222469322 2.91620012963271 3.83201676277139 4.7546230990209
4.97355581320167 5.48708314968456 5.36580756939061 6.62424827163261 6.77521292876422 7.02086765587894 6.29713772786776 6.24308709427842 7.09657288006655 7.96790896057921 8.38631094769596 8.07828055392947 7.6980050075065 -9999 -9999 -9999 -9999 -9999 -9999 -9999 -9999 7.91975700543618 7.25569948577126 6.31862258853628 6.12512661347337 5.98367116550642 6.01340549646365 4.60867748908249 4.3864102210547 4.36368522357151 5.03247783436318 4.8774928865698 5.8945330987903 4.91631629542327 4.99796770300857 3.48540672665111 4.38144335559736 4.402993256425 5.0735277023581 4.53857565817986 3.77074545666675 3.64492436572435 4.22954552660955 5.16006626482251 3.95915257001643 3.17294784825223 2.10897796575785 3.52876770617279 4.65859536149016
4.62686063339735 4.75505375541268 5.00164251093193 5.73926237156527 6.39738880497637 6.80644766342956 5.68937386085307 5.74804929434257 5.70858674709046 7.92659221449572 8.44396867543399 8.53584368143706 7.69112572523237 7.9146263929192 7.44944150165025 -9999 -9999 -9999 -9999 -9999 -9999 7.80663468637189 6.90847130006317 6.14755015525997 5.97453438302624 5.72653224443339 5.71235390511417 4.45396419681714 4.70997249205669 4.44255427041764 5.28391624817595 4.89034581732291 5.40410569675904 5.05995091035558 5.07767040122287 4.34895651862997 4.20536931913335 4.93492133564655 5.22050218849472 5.28351663877095 3.82084090182333 3.7352655674818 4.06072192233162 5.59415372096413 4.95237199287594 4.53177025074887 3.95455767075808 5.05855566041543 5.47432069669366
