HRS_VECTOR=[0.9856848193479311, 0.9427130350807212]
HRS=1.9283978544286522
HRS_NFEATURES_MINUS_HRS=0.07160214557134781
HRS_SIMILARITY_PERC=3.5799999999999983%
