processes/IDW.asc
NCOLS 360 
NROWS 156 
XLLCORNER -180 
YLLCORNER -71 
CELLSIZE 1 
NODATA_value -9999 
[rows 125 to 149 of 156, columns 168 to 223 of 360]
17.4851655542526 16.65 16.65 16.65 16.3707043556324 15.8847744124931 15.2 14.3029437251523 14.5164162839269 15.2 15.4 14.6975214338982 15.32 17.1525987298185 19 19 11.3 11.3 11.3 11.3 11.3 18.9914855054991 18.8968070645622 18.8135943621179 18.3313708498985 17.9239495119712 18.5527294844237 18.6576489803439 18.4491100158478 17.4943785170402 17.135485004497 14.7008605878701 15.5499972528127 18.7 18.7 18.7 18.7 18.7 19.127808902807 17.709439838061 18.4695935918173 18.4 19.940220036841 20.3595120194173 20.4100430574332 21.0849242404917 21.7 21.7 18.3526198402136 14.7 16.4219219164378 16.5413302244984 16.7586697755016 16.8780780835622 18.6 18.1380680132977
13.4 13.4 13.4 13.4 13.4 14.517124438636 13.6 14.0701669749347 14.0324555320337 14.0701669749347 14.3455844122716 14.3947331922021 14.3455844122716 15.4 14.9994601916188 11.3 11.3 11.3 11.3 11.3 11.3 11.3 18 18 17.7724007753324 17.8841106049229 18.1092247615718 18.8 17.5996342029782 17.0771758247248 16.1054316027458 15.5075993425992 14.6448856635164 17.1664747739874 18.7 18.7 18.7 18.7 15.9259520324341 16.4977547161162 17.6134026160027 18.1879190934346 18.1979836925367 21.7 19.0332738385269 21.7 21.7 18.0708743108844 14.7 14.7 14.7 15.636986986073 15.9494712399665 16.3154328932551 14.7 17.2282085201334
13.4 13.4 13.4 13.4 13.4 13.4 12 13.3254833995939 13.4622463949818 12 13.6079815346585 14.0387180048005 13.7500433275889 14.2755457927866 13.6639498245094 11.3 11.3 11.3 11.3 11.3 11.3 11.3 14.2296685001623 16.6 17.5112698372208 17.6315076801064 17.6790684957329 17.3512396372645 18.2519689513731 16.4253316529647 15.5499972528127 15.2809818957247 14.5821198421095 15.9101715026578 18.7 18.7 18.7 15.9466585801192 14.245 14.0471976464535 15.0810248937556 16.0328196309657 16.939364875579 17.2160751478419 17.399572657377 16.799145314754 21.7 15.9461550022338 14.7 14.7 14.7 14.7 14.7 14.7 14.7 16.5724816434744
13.4 13.4 13.4 13.4 13.4 13.4 12 12 12.9888543819998 13.2984308807765 13.5812729226983 13.4083261120685 12 13.4471778542474 12.9576063013053 11.3 11.3 11.3 11.3 11.3 11.3 11.3 12.0796231578636 12.1844248668184 12.972 15.8104920025376 16.6 16.9160133166296 16.8129137535519 15.9884337878241 13.5 13.9103487875577 12.5760093744611 12.1084237223032 18.7 18.7 14.4034469162442 11.5219837651164 10.8793720058528 9.19657490882046 9.79 13.2776822924242 14.1653264859302 13.48 14.900427342623 15.500854685246 10.6 12.8435648045473 11.465 11.9369801391823 12.7006600463941 14.7 14.7 14.7 14.7 15.1028440673564
13.4 13.4 13.4 13.4 13.4 13.4 10.4879413331583 12 12 12 12 12 12.5024208192895 12.6941778580737 12.5065624589621 11.9763076807269 11.3 11.3 11.3 11.3 11.3 9.93721829912962 7.53 11.286917010724 11.8122731118462 13.0860472074243 15.6476271231593 16.8726399930441 16.4857147260354 15.5973605621435 13.7164313047708 11.3134351992 10.5369731101167 8.76697872065197 7.2 12.8459877409453 10.7791519011404 10.1843685443152 8.20517316038192 8.54628582904429 8.903140114753 9.2501110041036 11.4263505310933 10.6 13.2668091142077 10.6 10.6 8.23 8.23 10.9099617485539 11.465 12.0200382514461 14.7 14.7 12.4188986744733 12.4945258012735
12.314087303501 13.4 13.4 13.4 9.32546670835363 4.77 4.77 8.77300233402383 12 12 12 11.050391697369 11.3172482776778 11.6859438407355 11.7748357287526 11.6136091707614 11.2158045493644 11.3 11.3 11.3 8.65128445351652 7.53 7.53 7.53 9.89911914592114 11.0439527925757 12.3177268881538 14.4273090089095 16.0758379784631 13.613715885535 10.6254057905728 9.82446247266558 8.14541995371211 6.83194540761335 7.01537752383604 7.40497474683058 7.49764649285039 7.4898780669118 7.2654529501315 6.76680283819468 7.1652530134612 7.80745990097753 9.06951134231639 9.41935848516389 10.6 10.6 9.415 8.23 8.23 8.23 10.2293399536059 10.9930198608177 11.465 9.08569576469455 8.56459101012705 8.57339000935277
11.1 13.4 13.4 8.84453329164637 4.77 4.77 4.77 4.77 7.37206931433537 7.77847991646651 8.03253175502967 8.36543072820845 9.12957551615852 9.87180712193727 10.2600021372799 10.3109653057718 9.9452895887734 9.28043842943761 8.48059770726971 7.42928699207766 4.68 6.105 6.42583622284004 6.56898770659183 7.53 7.67749368331472 9.07615177586622 11.9455751331816 9.48249159669598 7.73279494031139 7.57909488410271 7.10899819897898 7.2 6.59448963872531 6.97495065384221 6.445034731556 6.70727272727273 7.61 7.32 5.91993982121316 5.88209477805355 6.46817240825536 6.70969556926478 8.4659454834019 6.88611398544542 6.64010398621327 4.87384761731452 6.446 7.15847129284989 8.23 7.26834207220191 6.62892507616087 6.2813598070384 1.75 1.75 1.75
11.1 9.69593230886188 4.77 4.77 4.77 4.77 4.77 4.77 4.77 3.82 3.82 3.82 6.81459868534124 7.75284008885035 8.25336784136828 8.27320969220748 7.7380835379027 6.77623168159971 6.07906024313905 4.68 3.71074026404696 4.78547428337348 4.76183013196982 5.06014205999911 5.15657049051381 4.85717553126196 4.52415550701535 4.74567140447252 3.68894755060029 5.6105413404439 5.70690375028953 5.9856260208224 6.25 5.96237257680405 5.5430694134712 5.70082226791117 5.35561640149819 5.33277277609609 5.22038564566411 4.9188237074075 4.93302742036221 6.08 5.87205951333624 5.74971536301072 5.89900750796328 2.99090403795622 4.03076731190387 4.4335740863335 5.63071813189306 5.7713063096063 5.62182838233533 5.07663501680721 4.57637302751664 2.84377923473666 1.76937129433614 2.76852416809217
10.1233345795151 8.41146800557078 4.77 4.77 4.77 4.77 4.77 4.77 4.28101730552664 3.82 3.82 3.82 3.82 5.81207945515309 6.18851285897382 5.95053364147852 5.33316009047299 2.13 3.01078535701697 2.99967049723134 3.34745405820567 3.60430103805122 3.96681449985642 4.0970483959642 4.30554243809711 4.1292540128234 4.11693925347802 3.59077240858237 3.57373530968879 4.35776541191616 4.97449454741909 5.0770341250539 5.10552847377527 4.93381919173987 4.85624527661482 4.45297448595806 4.28005289769481 4.49418205667979 4.44542094208885 3.5 4.27329055130966 4.62107818267796 4.4104090515791 4.33838484424366 3.83510987234108 2.69723771641627 2.8447172763613 3.5121666316099 3.71922223314814 3.73008478351511 4.0780055178547 3.7365807510614 2.96095734546899 2.49645876160617 2.62706699109556 2.63557681943338
9.28282466340062 7.74654783888204 4.77 4.77 4.77 4.77 4.77 4.37649711574556 4.21350288425444 3.82 3.82 3.82 3.82 3.82 4.53977953184516 3.18 2.6395454429505 2.47157423593978 2.74312202491123 2.88647644735828 3.16284392660374 4.68 3.53416774816985 3.78959231175248 3.53 3.59 3.52165699521058 3.50314864549474 3.58116669946783 3.8250156724266 4.01 4.57265589372564 5.45 4.44270757706056 3.91241707839934 3.4144193858804 3.08 3.97098003345442 3.24 3.68 4.21044818122839 5.34 4.30410640581418 4.10134508402202 3.05941638228473 2.44 2.66179717731947 3.77 3.11289274562475 3.18301329444176 3.21131944563174 4.22731269040217 2.726394441198 2.33646310808338 1.75 2.32925284932008
8.13000760792408 7.36087252790109 6.11162782892753 4.77 4.77 4.77 4.77 4.30898269447336 3.82 3.82 3.82 3.82 3.82 3.82 3.18 2.74507575950825 2.58057246389253 2.46229652813321 2.65226729751067 2.71730316145021 2.88871621438074 2.34 3.12868944567222 3.18444010311816 3.77 3.9 3.50165541363653 3.33 3.40356804057948 3.64598734677479 3.72452482173689 3.91126883495509 4.04383323486702 3.6939834243927 3.01 3.19796124621602 3.17997645122931 3.32752891191069 3.66829887575754 3.77888231908196 3.7 4.00510686813945 3.87004278106811 3.32272474301669 2.96106723885737 2.56195949203766 2.56011014231531 2.45 2.49561688156073 2.48153411296734 1.96 2.60910872330221 2.57604753948153 2.25976034519417 2.3758128535828 1.8
6.75089274662039 6.69255591439011 6.18078147199278 5.47960026249598 4.77 4.77 4.77 3.82 3.82 3.82 3.82 3.82 3.82 3.5 3.18 2.84360389693211 2.72818181818182 2.49811183182043 2.13 2.27 2.76280798162006 2.87 3.05 2.95950478685451 2.98114331838835 3.10648394709396 3.21430208395699 3.35308677741909 3.3 3.09463995486791 3.32082716859493 3.06 3.13 3.23843184588125 3.13303668645513 2.7741145262505 2.82812729547209 3.0248776246618 3.14190351117426 3.48935907489418 3.60678303661779 3.60612367558944 3.42247209158383 3.27 2.62624618604785 2.50125236020715 2.27 2.34824850446784 1.86 2.36893072221372 1.66 2.45030319128011 2.45374802835184 2.36217474229453 1.76862368560923 2.20244110190273
5.30971181162405 5.79921591390235 5.84572195247855 5.61437277242124 5.20586163810676 4.870003605119 4.56457284435731 4.19880821402326 3.82 3.82 3.82 3.82 3.82 3.18 2.19981250659133 2.46746350279839 3.18 2.64645517324645 2.47002764206177 2.50565741417685 2.59382685441576 2.51909521974753 2.529233563354 2.39542614738949 2.50768998534326 2.78450573418465 2.81000828602941 2.76413507286406 2.48685229681142 2.70429429212353 2.59899525382884 2.88416599845937 2.77647277930804 2.83264284819235 2.51936525278703 2.57664810484738 2.25267813859332 2.24678004650834 2.73990441563585 2.77832775077866 3.08499131745888 3.10626742126586 3.08789757854114 2.69685593358308 2.57899643531689 2.38037347222216 1.89 2.33849926628196 2.31007602063546 2.2983346662899 3.08 2.54590169732979 2.66675748749723 2.07785314194811 1.76462116561401 1.76817142478152
4.18964673322354 4.99486040539499 5.39481726799186 5.45831120274954 5.23718053836807 4.94578182882899 4.63143616611326 4.32520356105212 4.05633718104283 3.82 3.82 3.82 2.55184072879251 1.84450396614894 1.915 2.13203968719607 2.34553253788937 2.27435191606311 2.51165074668641 2.54043340585408 2.30912389367636 2.12916268571004 1.84642093826215 0.984 1.14 2.01125583236267 2.32599387599508 2.01781319021522 1.99620687113148 1.83823617329046 1.85981663812879 1.83497934437147 2.0712063611 2.13970140151082 1.83 1.94622776601684 1.55616114610024 1.43581879978988 1.57624700717961 2.25031462846418 2.49360167822026 2.55498802871843 2.54 2.63494652816113 2.57010244796262 2.48992512042066 2.72 2.36660939854315 2.31987499532949 2.33204525490344 2.42322930172574 2.44758296031339 2.49192885125388 3.08 1.8 1.88155473107796
3.52388830836029 4.37746217939508 4.93690893363749 5.18691852371513 5.13932173734525 4.94778820409085 4.69282043772019 4.42805479721717 4.19396207356379 3.82694466080578 3.33837465079855 2.57095545631256 0.65 0.65 1.49333333333333 1.43181299576862 1.69796031280393 1.9711588331172 2.09019672219063 2.20184338272928 2.04133333333333 1.92619564340973 1.73506794557763 1.36141421630514 1.32031279527465 1.43490664573564 1.36914390016035 1.5082154783303 1.46977899827233 1.15025285865395 1.12 1.48902348894435 1.65584390658826 1.70551658999726 1.64149963343128 1.54530816337245 1.52383885389976 1.38934678254418 1.25 1.9457405726119 2.27004489509092 2.42755571212037 2.66947439319866 2.70448631227918 2.6058847772751 2.44425268828472 2.32181194896286 2.25356854659607 2.36178491679583 2.46077298471358 2.54909090909091 2.36533933039366 2.44195521211399 2.08 2.11 2.11
3.22033260297734 3.97167771900739 4.55136826433892 4.88715659555514 4.97634932552901 4.89604385428086 4.71324622512607 4.48048772300686 4.2228915905852 3.77502132614263 3.09945861083452 2.16912679523836 0.65 0.65 0.65 0.65 1.2825 1.63018749340867 0.65 1.64428022603293 1.6771451842232 0.984 1.05287687665751 1.05765320897993 1.04308933516057 1.38208406370974 1.25847030945121 0.977 0.86633705802144 0.677 0.935 1.01491879425491 1.22 1.35676526019887 1.525 1.4773793209863 1.50608069526511 1.25 1.25 1.92531372189616 2.2567001205866 2.42935441047402 2.69 2.62624051283205 2.65485281374239 2.30786003585041 2.1826489986169 2.23831919998405 2.34988259003565 2.50953701675901 2.58 2.41605935598399 2.08 2.00705098312484 1.83719912834644 2.11
3.09370489029779 3.70062234070641 4.22327331559724 4.60455441683424 4.78299134611035 4.79640727214096 4.68461611221874 4.48319841453296 4.20156689908755 3.68224943107013 2.91097505799634 1.95823404097482 0.65 0.65 0.65 0.65 0.65 0.65 0.65 1.2737231648628 1.36623566213272 1.23447476954955 0.984 1.0599459449588 1.03554998926081 0.855449314192417 0.765057931792441 0.792819100531873 0.861856080954205 0.871785642724056 0.895883950343861 0.957000827817973 1.02670355428865 1.25729874044497 1.48050109970615 1.525 1.25 1.25 1.25 1.84646752981726 2.19598566781463 2.6218638285347 2.6338065470261 2.64364745084376 2.32134992948795 2.33013672605235 2.09474706173568 2.12931200371437 2.10219219164378 2.12775069839997 2.18652434034083 2.08 1.88901699437495 1.88901699437495 1.79953318805774 1.89046681194226
2.94068210754713 3.33615649227872 3.72313860113976 4.04374233906049 4.26282193943014 4.38077554610667 4.42135844319221 4.33606353509855 4.06579631897011 3.50918001659106 2.70907457781969 1.83939224508962 1.06231528923533 0.65 0.65 0.65 0.65 0.65 0.773090984970889 0.923896108734029 0.99827401935307 0.971308306601444 0.891509244980805 0.775739455741058 0.399 0.654197658384882 0.671894581989757 0.711274489221078 0.723554427962173 0.832386600393463 0.768 0.90086729217423 0.994 1.02697295562757 1.22 1.32580203825177 1.33988696704158 1.25 1.25 1.25 2.69 2.69 2.69 2.69 2.25809957692767 1.8 1.8 1.8 2.00373902247172 2.01513719251792 2.01 1.88901699437495 1.58 1.58 1.58 1.85280087165356
2.57854889534402 2.76489766546563 2.90832671680885 3.08616878158299 3.30575696125755 3.5796050242425 3.83374896918467 3.94263582293815 3.76047847660195 3.21078322880237 2.39154318508651 1.52724176328782 0.791168289359322 -0.055 0.165521683882378 0.17340487245658 0.281746816303038 0.357459792195501 0.469653699599275 0.546261818155644 0.594903245369272 0.618839283548797 0.619246946451981 0.399 0.399 0.399 0.53786627639748 0.62702538245727 0.684361002437849 0.659630530137278 0.746136970324964 0.907675681457476 0.961027044372429 0.994 1.15151235093527 1.24582654395928 1.30156400728227 1.35845334698103 1.48596102068087 1.7417036196532 2.18635037041028 2.69 2.69 2.69 1.8 1.8 1.8 1.8 1.8 1.96402020253553 1.94735297025803 1.88901699437495 1.58 1.58 1.58 1.58
1.92356113294964 1.85365914196102 1.64636229462584 1.62816560055143 1.82834940524731 2.33899038576421 2.8619461875131 3.22165533890257 3.20521260539313 2.72286177835914 1.90457982319727 1.01784125326961 -0.055 -0.068910642185369 -0.0698752888580981 -0.0716310785358263 -0.0725957252085553 -0.0865063673939243 0.199861604711552 0.175 0.175 0.175 0.42111655804226 0.399 0.399 0.399 0.399 0.399 0.551844804515672 0.610418187226933 0.768 0.768 0.768 0.984897236062878 1.10046977404818 1.19514632386311 1.27299695070744 1.37421473249979 1.52415676362134 1.74605111920544 2.03611964054851 2.29189580472892 2.40729352565098 2.35378752283585 2.11584824186824 1.8 1.8 1.8 1.8 1.8 1.58 1.58 1.58 1.58 1.58 1.73715784659297
1.04635062371713 0.757693988808011 -0.662001277110645 -0.662001277110645 -0.662001277110645 1.06965086627589 1.75146398115607 2.30618920365031 2.45883541770929 2.13049098817272 1.34116514483788 -0.055 -0.0680503646756729 -0.0672063823250052 -0.345770711378912 -0.362861724253746 -0.455072876612066 -0.0734560027182514 0.0515334414919986 0.175 0.175 0.175 0.175 0.399 0.399 0.399 0.399 0.399 0.399 0.5835 0.768 0.768 0.859226064109047 0.961188006698396 1.06189472186166 1.15686393727214 1.25096168013287 1.37245170905966 1.53116753128843 1.73198156417532 1.96075815142075 2.15538510292783 2.26422496361588 2.25620738147741 2.13444436883513 1.97034101883307 1.8 1.8 1.8 1.77801436959501 1.70878606001876 1.58 1.58 1.58 1.65660490484456 1.73924747662358
0.197539482175169 -0.662001277110645 -0.662001277110645 -0.662001277110645 -0.662001277110645 -0.662001277110645 0.664582928501632 1.2502335359616 1.53515466842022 1.38656160258647 0.836244716120164 -0.055 -0.0676025469575697 -0.385702386466939 -0.055 -0.0865063673939243 -0.679273843846006 -0.680053352594065 0.0633234487110184 0.175 0.175 0.175 0.175 0.175 0.399 0.399 0.399 0.399 0.399 0.553195951665545 0.661387140635665 0.7524808424142 0.841873638370356 0.936415585767272 1.03208307003873 1.13111824921323 1.23893531864148 1.36590149634913 1.52160180866817 1.70266166872131 1.89379830080226 2.05413485050879 2.15328734461861 2.17283781323843 2.1176294330422 2.0186243183925 1.92083228559177 1.85239661204599 1.81090210504252 1.77191863944521 1.72333556035296 1.67083901059182 1.63979364270158 1.63819230736673 1.67310483267917 1.73810669346411
-0.662001277110645 -0.662001277110645 -0.662001277110645 -0.662001277110645 -0.662001277110645 -0.662001277110645 -0.662001277110645 0.381770261934053 0.678309898430227 0.657044087583148 0.362837250943825 -0.055 -0.51067654615991 -0.500196615194584 -0.775031508668738 -0.965284044040266 -1.13521074861413 -1.07700270890004 -0.972916053411571 0.175 0.175 0.175 0.175 0.175 0.192952493965394 0.399 0.399 0.399 0.293551069696461 0.354217639519106 0.444044165290421 0.548517840934567 0.660399528184778 0.781551431141477 0.895444980893076 1.03227853205732 1.17845548571417 1.33563977421068 1.49086919899167 1.65775870155076 1.82447812808526 1.96783186298187 2.06452891525726 2.1023036174603 2.08344048927011 2.02497867854274 1.95208125755547 1.88278759600562 1.82466114336076 1.77544199738771 1.72908365563344 1.68774861888624 1.66181754440359 1.6593627926413 1.68621364868579 1.73981671726951
-0.662001277110645 -0.662001277110645 -0.662001277110645 -0.662001277110645 -0.75281663200796 -0.813200766266387 -0.846023522002006 -0.257825219102046 -0.048846291253654 0.00165583207922293 -0.0822865309463409 -0.273 -0.667079545721896 -0.788351498399404 -0.922525169322819 -1.84500113349603 -1.33088590828737 -1.40541193317185 -1.48860753111872 -0.978754222397874 0.175 0.175 0.175 0.175 -0.0977930260041529 -0.145751684571859 -0.172238156829294 -0.161501996786655 -0.126779326058172 -0.0500009336994253 0.0542983755941059 0.164426763805174 0.27711508512903 0.419767561766915 0.577353100481958 0.770794813112036 0.979705104279001 1.19799100710332 1.39753876106498 1.59394781946524 1.75730098343774 1.89457052743608 1.99342544451958 2.04463418114889 2.04946704280298 2.01777145203362 1.96482870580678 1.90484836540815 1.84642288169584 1.79378541998884 1.74778383921389 1.71024300773247 1.68638180865462 1.68210304513385 1.70138589704935 1.74458503643422
-0.662001277110645 -0.662001277110645 -0.662001277110645 -0.76073600826069 -0.808447767506137 -0.861533211980013 -0.88342780241952 -1.04 -0.574 -0.574 -0.574 -0.273 -0.847568486768858 -0.851014921399496 -0.273 -1.20889046246063 -1.82999976124083 -1.60977530433513 -1.62247651929045 -1.43261593035011 -0.94958700382674 0.175 0.175 -0.415970558035302 -0.605343007631259 -0.728737821124058 -0.795183542428429 -0.793856006065346 -0.743769867502237 -0.642268446765333 -0.465068708382704 -0.356677989725346 -0.264383597719957 -0.134984250066838 0.080986226235213 0.331910825771666 0.61176744451625 0.915268191635268 1.19555054906778 1.45821362607843 1.66665573225048 1.81618796877207 1.92444592338954 1.98942846097773 2.01287884765672 2.00169387311218 1.96625281787042 1.91756795796734 1.86461141055276 1.81354150136234 1.76821238934383 1.73195956997825 1.70868558764048 1.70249674806751 1.71639120538775 1.75099879808866
