processes/IDW.asc
NCOLS 360 
NROWS 156 
XLLCORNER -180 
YLLCORNER -71 
CELLSIZE 1 
NODATA_value -9999 
[rows 125 to 149 of 156, columns 56 to 111 of 360]
18.304038315136 17.3052442562666 17.0947293340732 16.9051641374194 16.5803513979217 15.6472135955 15.4 17.8 20.2 20.2 17.2066228049355 16 15.4260260278541 16.5881255281606 16.8221359549996 17.3269450314731 18 17.9179478855311 17.3040583042525 16.5470118930175 15.9 17.0186053646233 17.5990568974574 18.0772062641256 19.7 18.350498561763 17.7902642399025 15.3 17.5517440445725 18.2788163035328 18.5058922725483 18.6233266291278 19.1155198119951 18.8333333333333 19.2894169338446 19.6520231886561 19.0568684652293 18.4791300749057 17.304324668189 16.4 16.5333333333333 17.3927647083268 17.1731121981389 17.6757588778466 17.3354229955012 18.1911442511247 17.6527864045 17.6585786437627 17.7 17.2586973637174 -9999 -9999 -9999 -9999 -9999 -9999
16.5874258867228 16.8434984136218 16.2 15.9922024586816 15.4 15.0632282822407 15.4 15.4 15.6753379716729 12.7501449197334 14.3322815546694 14.667378300406 15.4963463472604 15.8582620536454 16.2189190511759 16.7374258867228 17.223191540511 16.2470540650266 15.7481117555348 15.7119151844944 15.8247081187431 15.9934609525681 16.4381260715915 17.2304951684997 16.8584613945467 16.4067364829428 15.3 15.3 15.3 16.5252906740954 17.748465442455 18.1923732435755 16.9811388300842 16.3928603793132 16.180961011502 17.8 17.5373835392494 17.1124611797498 16.2 16.3313708498985 16.5527864045 16.8 16.4909830056251 16.3 16.2270509831248 16.6970583144992 16.9605831383351 17.109772121718 17.2371894259245 17.6612574113277 -9999 -9999 -9999 -9999 -9999 -9999
16.2 15.9527864045 15.3337844282668 15.0792407799439 14.466787461882 14.2119471831773 13.5295511497632 15.4 12.7501449197334 12.7501449197334 13.2935774860761 13.8602009974001 14.4858990166654 16 14.7 16.1980356844522 16.3273836639349 15.8645278930865 15.2565422370223 14.8268926943789 15.8 15.5172767185718 15.7154930355033 14.8263340389897 15.1166172351781 13.2 14.25 14.4864056378821 14.5552154726087 15.3 14.5552154726087 15.654442920678 15.585301384114 15.5209016675971 13.2857864376269 14.1247449658039 14.7214945738148 16 16 16.2472135955 16.3298289746453 16.3990668650141 16.3 16.109016994375 16.1090169943749 15.5350889359326 16.1611684692924 16.1680065641083 16.2430348352321 16.2669174292421 -9999 -9999 -9999 -9999 -9999 -9999
16.2 14.7916738879315 14.8136110798824 13.9735398054463 13.6736854210432 12.8060503941058 12.6697099475974 12.0278615289291 12.7501449197334 11.9987945255611 12.668649078222 13.1100768163449 13.9808830460402 14.481781952839 15.238477631085 15.0607745236587 14.857511765659 14.6099704951377 14.4134032721219 14.1 13.8 14.6830742928947 14.5765644261909 14.7736659610103 13.2 13.2 14.0135943621179 13.669234192097 13.8881946403669 14.2666666666667 14.013182848813 13.8484090935723 14.1944271909999 13.4387961250363 13.3125741132772 13.8799243469169 14.1802174812736 14.9 16 16.2666666666667 16.2371017832581 16.2279240779944 16.109016994375 15.8 15.6558481559888 15.5167184270003 15.0644837806204 15.3693475419763 15.3839301188425 15.4466718186394 14.6193495504995 -9999 -9999 -9999 -9999 -9999
9.44 14.4552321337175 13.4832892928952 13.4757957900341 12.8 12.2206293698226 11.6334736859996 11.9299311441665 11.6475998216109 12.0182657676673 12.7501449197334 12.379134091279 12.9762520899354 13.8199718382796 13.7168105127912 13.9574061231822 13.2127674097165 13.0981436812156 13.8759746926648 14.3544334092207 14.3491950116271 13.825177890473 13.6404786994999 12.5666666666667 13.2 13.2 12.5607472869074 12.943962457149 12.6244147051325 12.8355845230126 12.9827678901205 13.6191746335626 13.2157176415965 13.7 13.2857864376269 13.0333333333333 13.7760878847634 14.35 14.7214945738148 16 16.1924289479091 16.2270509831248 16.1090169943749 15.8 15.6077736553898 15.1370589029766 15.0286315031309 15.2 14.65 -9999 14.5697560814373 -9999 -9999 -9999 -9999 -9999
9.66786093931676 10.6820253417248 11.6555229249647 11.8100956486514 11.8173762078751 11.7 11.4545084971875 11.5431125048258 11.2896506181336 11.3744325076556 11.5148699570056 11.3 12.2252245802707 12.4334797186888 12.6253070369097 11.9659053651247 11.6 12.4333333333333 13.1191353743941 13.8549193785486 13.6193594591389 13.3858348423801 11.9840620433566 11.7676274578121 11.5144650771304 12.0381914225579 13.2 12.1233796494226 12.2841523583302 12.2 12.5769000174355 12.3080057449659 13.0933982822018 13.3666666666667 13.1142135623731 12.7 12.5256583509747 13.0568477523762 13.2078543818843 16 14.7049109077243 15.8 15.8 15.8 15.5514718625761 15.0637381282206 14.7443650813896 14.65 14.1 -9999 -9999 -9999 -9999 -9999 -9999 -9999
9.63740007169016 9.69123573719909 10.7097865545717 11.3146154641967 11.4985281374239 11.3495531792613 10.9 10.8690455222077 11.0893461689166 11.1039385037607 11.1 11.2455448306782 11.2847257977934 10.9632594136093 10.9391202098422 11.1210236587188 11.6 11.6 12.568564716807 12.5579002116969 12.622462058699 11.6579526825623 10.7 11.0328006697609 11.1589620576542 11.4039714696659 11.6672045093609 11.2561238608223 11.3226274373823 11.3146833624274 11.3494908013026 12.0874258867228 12.4540249418646 13.2278640450004 13.0874258867228 12.5136038969321 11.9638908152267 11.219739137823 11.0408572061388 10.3231426854504 12.8836412104243 13.9476629765783 15.8 15.8 15.8 14.6806504495005 14.65 14.5556349186104 14.4399186938124 -9999 -9999 -9999 -9999 -9999 -9999 -9999
9.64962195917199 9.75005248501679 9.9369426853868 10.8825376699995 11.1371748877092 10.8 10.8445165649045 10.7772474419105 10.4539076879776 10.7395575458794 10.9306962321944 10.933373307571 10.5845953233728 10.7966317434999 10.5289763412812 10.825 11.1210236587188 11.1210236587188 11.6 11.1381496824546 10.7 10.7 10.7 10.4095240252875 10.8509349256282 10.8219154866908 10.7832232013463 10.9 10.8900610359681 10.7 10.7904431889382 10.6721697195787 11.0615342125268 11.8406687563063 12.4363961030679 11.1389347532189 10.7688339823205 10.6574818841876 10.3816443020032 10.295 10.2668573145496 12.0853305961483 12.881341316033 13.3414881208344 13.5753562942224 13.7672514299358 14.6193495504995 14.5697560814373 14.5261684753951 -9999 -9999 -9999 -9999 -9999 -9999 -9999
9.62872879279766 9.99010497003359 9.90126990295771 10.1183236043959 10.6342901548969 10.9936041976585 10.7647782938078 9.95225264315915 9.95053283764359 9.6 10.3089348738746 10.4597211902536 10.4601588879415 10.05 10.05 10.5289763412812 10.825 10.9380709761565 11.6 10.7 10.7 10.1344989002938 10.146 10.0115781338144 10.2028162172387 9.76 10.4667682271564 10.5086632497839 10.296063527931 10.4992076944169 10.3353613575501 9.64021748127357 9.60961807836657 8.92 9.97645977757223 10.1814029445583 10.2548374051108 10.8 10.1229968349784 10.2083556979968 10.2213214929561 9.79 11.0487959056719 11.0630818589009 11.1525664555831 11.4742302083411 12.3096123049097 14.1 -9999 14.1 -9999 -9999 -9999 -9999 -9999 -9999
9.5763456362857 9.58 9.74987104058452 10.0525978298014 10.1957027219782 10.8387425886723 9.31984899269843 9.16245247673031 8.48166389606612 9.45561384846918 9.54527088800113 10.1711417766862 9.86360389693211 10.05 10.05 10.5289763412812 10.7119290238435 10.825 10.5933142844427 10.2074814411878 9.785 9.785 9.7789936731662 9.77666666666667 9.57285218258752 9.68231087194702 9.69316454159422 9.89140843422439 9.16 9.76341948855053 9.57692938713642 9.42884385949736 8.92 8.66771593375003 8.98950516435751 9.19882256391025 9.44786565993382 9.66070263577812 9.79 9.93137127927506 10.18130014559 9.79 9.46500058684802 8.25 8.25 8.25 10.0086301587073 10.9245757525067 11.4912505854645 -9999 -9999 -9999 -9999 -9999 -9999 -9999
9.51159411460652 9.52457408273643 9.73888528166469 9.76106890665151 10.19 8.49450676139962 8.273317252376 7.9612165546473 8.07623058987491 8.22489661765781 8.785 8.83041839335068 10.05 10.05 10.05 10.05 10.05 10.3231082599631 10.0239882113567 8.87 8.87 9.43550109970615 9.3275 9.34744131608022 9.10333333333333 8.90031300946829 9.21218051723818 9.23175432502029 9.79537845422538 9.47543289325507 9.45046916686766 8.97766073760449 8.92 8.64727313918532 8.58514718625761 8.91638108247439 9.15 9.30768447954925 9.42129787118985 9.54653565078303 9.79 9.79 8.25 5.7067287270292 5.794 5.7067287270292 8.25 8.9809933913421 9.67569640406577 -9999 -9999 -9999 -9999 -9999 -9999 9.50491278034118
9.34727478979798 8.74558396226574 8.67098915862863 7.98418047210142 6.79 7.29392016008731 7.27877200360025 7.38 7.97 7.87187875403413 7.90789635002926 7.6292169136464 8.79224154451369 10.05 10.05 10.05 10.0955654722858 10.0545644635808 9.70547184333649 8.87 8.87 8.87 8.87 8.81128677106876 8.72044009627029 8.6644719047412 8.6806562004892 8.5 8.57688288469726 9.06058874503046 9.02596442562694 8.58008130618756 8.56321732940813 8.50748743515011 8.40261353458207 8.49 8.8381260433401 8.8823250745837 9.12216967778504 9.02809863936902 9.02986111245068 8.25 5.53907677771077 5.87120505552205 6.20333333333333 5.87120505552205 5.53907677771077 8.25 8.04825494726869 8.32272664639918 -9999 -9999 -9999 -9999 -9999 9.49977559417946
8.09438653790614 7.64343232296197 7.50949949712304 6.2 6.48631601080076 7.2471625463329 7.15464005336244 6.79 7.36347567846954 7.4241265829907 7.38951886604376 7.55994949366117 7.27 8.49988435040038 9.06329446714238 9.51151506781254 9.76965034128187 9.80183048501348 9.5188656773262 8.87 8.87 8.87 8.8225 8.55645390616445 8.48406357867518 8.68 8.17 8.30617562230986 8.4141205536456 8.41 8.92 8.45024391856267 8.39883036880224 8.23784032017463 7.82 8.18115748615013 8.23414665375357 8.18 8.66806199940921 8.8037556776237 8.18 5.84339316948895 5.79071893907681 5.91510622778839 8.25 5.7067287270292 5.35108523630258 5.26084549969845 6.83779690363007 -9999 -9999 -9999 -9999 -9999 9.40525342016149 9.4700216948223
6.2 6.2 6.2 6.2 6.44438600180013 6.54561399819988 7.18333333333333 7.1753268870781 7.27640066167333 7.33143297158765 7.3273117293535 7.27 7.27 7.27 8.45579294150585 9.04006420109398 9.42217617082658 9.55398711383273 9.4236571349584 9.13379154688958 8.87 8.87 8.79638908152267 8.47228081388795 8.39625798889821 8.17 7.66 7.97519733426245 7.55388850362133 6.96 6.26 8.37 8.28975608143733 7.77318728648224 7.67769732629623 7.86371001599585 8.09232420140634 8.13702171455149 8.18 8.18 7.57823498869952 5.89054082449885 5.71063745432793 5.14873032680915 2.11 4.6532712729708 5.00891476369742 5.09915450030155 6.24627639351843 6.71777301566079 -9999 -9999 -9999 8.72366626811774 9.12073367488195 -9999
6.2 6.2 6.2 6.2 6.2 6.50368398919924 6.79 7.2537846254551 7.28458033834837 7.30093447816352 7.27 7.27 7.27 7.27 7.9387465091529 8.52963385886732 9.01982927837691 9.29483889382968 9.25969540685654 9.02801616484445 8.69215047809308 8.87 8.87 8.41380662205906 8.17 8.08249783362056 7.97519733426245 7.21321780455925 6.6016239231678 6.47780780835622 6.26 6.26 7.13673951838339 7.13333516415104 7.33581514721738 7.43189594717625 7.46925552706575 7.48772535892589 7.51513239329346 7.64176501130048 7.04 5.51654621773151 6.053218569132 5.45793004456876 4.81887746367674 5.03740797653789 4.82092322228923 2.11 7.18 7.18 7.18 7.22797734660215 -9999 -9999 -9999 -9999
6.2 6.2 6.2 6.2 6.2 6.2 6.79 7.02367983064247 7.07117749006091 7.27 7.27 7.27 7.27 7.27 7.33483144154881 7.90100166578647 8.48405488568084 8.90016841239889 8.98002057038108 8.74103934616653 8.26807420752024 7.70352095174429 7.02011135060067 4.96 7.0843451924462 7.19152186072667 7.09853338470548 6.52 6.37852339809481 6.06840946348753 6.05333333333333 6.37598207251304 6.61123190282243 6.96983035174674 6.93714521105134 7.04 7.10394821919867 7.1775443770753 7.37276824395011 7.04514718625761 7.04 7.04 7.04 6.00672071513218 5.717325005656 5.67730986946737 4.25821859524809 7.18 7.18 7.18 7.18 7.18 7.18477515603431 7.41246501774808 7.78291194289149 8.26976780529477
6.2 6.2 6.2 6.2 6.2 6.36018155211352 6.47607428528994 6.5356015724857 7.27 7.27 5.72029645310883 5.56179606750063 5.38145618000168 5.73823224361018 6.31693859712918 7.04237104791584 7.77450635558161 8.37797615245501 8.55473839289462 8.24026779531979 7.56267261465147 6.69205280657438 4.96 4.96 4.96 5.94997907958947 6.07585186505275 6.26283107088711 5.95 6.26 6.06840946348753 6.17063889441155 6.59635480875115 6.69451229237924 6.54000549245312 6.83751568375435 6.91309347779335 6.95201308243439 7.04690983005625 7.04585786437627 7.04414213562373 7.04 7.04 5.8101590460599 5.5631040877389 5.49556594763405 6.87539105243401 6.43221048753783 6.5200228835049 6.68507866889479 7.18 7.18 7.18 7.14294459383604 7.44134741856525 7.8905990881731
6.53083883016642 6.2 6.2 6.2 6.2787462641403 6.26730552228512 6.16950687160377 5.89798055008411 5.49391299160381 5.15854381999832 4.97820393249937 4.81970354689117 3.27 3.27 5.13581718289656 5.99360319976602 6.80400816330058 7.44492275680455 7.69104838105699 7.39805180831076 6.66057879506898 4.96 4.96 4.96 4.96 5.17785652389159 5.55448433358251 5.67529323383058 5.64 5.95 6.00318759132868 6.15230134879077 6.42402341994008 6.70667032830208 6.76106257567781 6.83582442605016 6.92724594829241 7.05 7.05 7.05 7.04485281374239 7.04 6.89277816304534 6.85 6.78666666666667 6.66 6.14529140274007 6.10125612887866 6.30401288004203 7.18 6.51277612173771 6.692 6.58606376378373 6.76215316563477 7.04713390624696 7.48543373280633
6.62595991966856 6.432341113163 6.31162808528978 6.26688361483799 6.26800370845352 6.13262254850308 5.82313252784385 5.18460912690198 3.27 3.27 3.27 3.27 3.27 3.27 3.27 5.04955628938465 5.78311270615209 6.24715801163965 6.42510867568011 6.27969247448284 5.85643973563123 4.96 4.96 4.96 4.96 5.12337208987939 5.28105244939971 5.63464591156884 5.83159053651247 5.89681240867132 5.95 5.96727570790026 6.54000549245312 6.54000549245312 6.82203561276265 6.4270056701535 6.49248584608158 6.49501540055678 7.05 7.05 7.05 7.04 6.85 6.80722183695466 6.66 6.66 6.09714219917193 5.88880858792106 5.89931600491017 6.08604382773175 6.2640902417841 6.18159260538985 6.46534054609518 5.96 6.69485275003942 7.14416458243204
6.64342309886648 6.50443957960323 6.38679454817315 6.30404177680573 6.23272635771583 5.99880924732097 5.55030761537911 4.76048487733032 3.27 3.27 3.27 3.27 3.27 3.27 3.27 4.31326516934649 4.71809874986407 4.77279684216418 4.79127166038185 4.8286144257117 4.95928429585588 4.96 4.96 4.96 4.96 4.96 5.26023253927633 5.3583347775863 5.88020404976813 5.9047716095374 5.93272429209974 5.98081156799401 6.02663934721349 6.54000549245312 5.61350913901463 5.98075788659603 5.83063405604903 5.95936594395097 6.0300924033407 7.05 6.53646732181406 6.63317341948805 6.66 6.66 6.16248263905633 5.96732113705286 5.66301515190165 5.60095001418559 5.12 5.69398048005003 5.87770478627185 6.04971268454323 5.96 5.96 5.96 6.82298372747376
6.63700339003305 6.53732833237018 6.43055060317483 6.32234706793669 6.18486837305867 5.8843803087342 5.37207837832301 4.57605706149812 3.27 3.27 3.27 3.27 3.27 3.27 3.27 3.72851281218114 3.72431603517457 2.59 2.59 2.59 3.96193118864226 4.38675720601281 4.96 4.96 4.96 4.96 4.96 5.64 5.64 5.64 5.83853315344789 5.82749660265028 5.65352947468461 4.74 4.74 4.74 5.29498459944322 5.48007142674936 5.69683332908185 4.74 6.02482778425404 6.34419907346648 6.46309281595467 6.66 5.972447917169 5.67841399108625 5.44659420219965 5.05 5.44512146944109 5.64521348656137 5.82016862959436 5.96 5.96 5.96 5.96 6.61091119152112
6.62135127797944 6.54759853107321 6.44938224527044 6.32272713724526 6.13757281460819 5.81885371865148 5.3274081080968 4.66408464427962 3.94103795518982 3.27 3.27 3.27 3.27 3.27 3.27951087261163 3.20636244824737 2.59 2.59 2.59 2.59 2.59 3.65776817670263 4.22791261228313 4.96 4.96 4.96 5.1612135629858 5.37414830984274 5.54076987349613 5.66959090615559 5.73254770733457 5.66433099427239 5.40542964185376 4.74 4.74 4.74 4.74 4.74 4.74 4.74 5.57423093513112 5.86966732543016 5.95587400828659 5.85574076554634 5.855 5.737552082831 5.43774066209263 5.07163118960625 5.26188206337726 5.37666666666667 5.53530885475734 5.96 5.96 5.96 5.96 6.50052750845852
6.60011474808212 6.54148420456183 6.4482751487662 6.31067433767492 6.1024777085808 5.77850950132773 5.34061689680161 4.78406266148862 4.20176993945941 3.69098176133323 3.27 3.27 3.27 3.20123241743604 3.06090999270954 2.59 2.59 2.59 2.59 2.59 2.59 2.59 3.6732003068818 4.2380331704738 4.63616662825445 4.91887988799435 5.11433239385946 5.29696525659911 5.45875258369418 5.58289355446378 5.62086284824817 5.52856727159606 5.27397761544387 4.74 4.74 4.74 4.74 4.74 4.74 4.74 5.13858775807041 5.19238545155194 5.10013313401572 4.94593709009685 4.78864119311846 5.05 5.05 4.24299414596221 4.1851553968112 4.6079416855008 5.96 5.96 5.96 5.96 6.07982625875049 6.41692374691835
6.57726746280119 6.5267978429279 6.43647693343669 6.29452190892261 6.08057918473072 5.77004680276404 5.36606665246931 4.89215947947036 4.40138295232996 3.95869983986009 3.61999582770017 3.42076674612384 3.28566583760368 3.14600368434892 2.9403862436893 2.59 2.59 2.59 2.59 2.59 2.59 2.59 3.37580746189404 3.93117451119025 4.39962242956623 4.76239331375948 5.01253331869559 5.21168242188997 5.37325052275936 5.48570611484071 5.51276551031314 5.43232633391151 5.24373145860341 4.9974841378774 4.74 4.74 4.74 4.74 4.74 4.6630532917436 4.52335790338053 4.21781831102486 3.80239762989809 3.59060416235469 3.49941355786867 3.50522438549858 3.48752242679875 3.35407091004953 3.23678062469947 2.09 3.91716614584837 5.96 5.96 5.50719946473638 5.85213554091239 6.23001809904529
6.55478831612217 6.50815058897249 6.4200511629131 6.27877524458572 6.06960842591353 5.78102843838074 5.41375616204628 4.99033775490356 4.55097437082389 4.14160728381377 3.8017210995388 3.54832002817353 3.34083649667548 3.14245566640327 2.91348738925018 2.59 2.59 2.59 2.59 2.59 2.59 2.59 3.24527073582774 3.74365439913026 4.20489447310894 4.58741700713487 4.88187286370448 5.10835970477296 5.27979403047472 5.3907517530198 5.42115531747136 5.3702267543703 5.23825162649153 5.06299256630477 4.89049279659817 4.74 4.74 4.74 4.51639689038947 4.19234822409327 3.72242816543208 3.09851529557617 1.46 1.46 1.46 2.09 2.09 2.09 1.91942031792005 1.8625321588779 1.7959083707151 2.09 4.02803235014702 4.75415524824093 5.35695229510872 5.87262261997116
