processes/IDW.asc
NCOLS 360 
NROWS 156 
XLLCORNER -180 
YLLCORNER -71 
CELLSIZE 1 
NODATA_value -9999 
[rows 0 to 24 of 156, columns 0 to 55 of 360]
3.156760268065940 3.15696660294549 3.1572997463578 3.15776953358588 3.15838492896698 3.15915267102575 3.16007659149157 3.16115707297539 3.16252000196192 3.1641023172715 3.16588014883325 3.16782993988662 3.1699254456101 3.17213770331747 3.17443581456089 3.17678639303936 3.17915617490753 3.18151387553027 3.18383130481763 3.18608414772277 3.18825241335608 3.190320675682 3.1922779729956 3.19411755606854 3.1958363398726 3.19743431306498 3.19891388926959 3.2002792776461 3.20153590612328 3.20268994114022 3.2037479096951 3.20471642242421 3.20560197516178 3.20641081227095 3.20714884201838 3.20782166136984 3.20843454299324 3.20899243517018 3.20949995604671 3.20996139612292 3.21038072688363 3.21076161409867 3.2111074010328 3.21142106515358 3.21170530839942 3.21196256226293 3.2121950056964 3.21240457328235 3.21259297964855 3.21276174607179 3.21291224923072 3.21304576319256 3.21316350031395 3.21326665632308 3.2133564813382 3.21343417642249
3.15708304744236 3.15731712659304 3.15769886073973 3.158229812664 3.1589155287962 3.15976167532788 3.16077325285818 3.16195772012021 3.1634209073534 3.16509277840861 3.1669484073031 3.16896236350725 3.17110662150419 3.17335087761598 3.17566340991299 3.17801097924097 3.18036138774562 3.18268511658897 3.18495626816646 3.18715315616197 3.1892584825396 3.19125954601386 3.19314780894192 3.19491859456747 3.19657049388299 3.19810474745357 3.19952460364399 3.20083472666058 3.20204068473812 3.20314855235602 3.20416461326355 3.20509514688355 3.20594629102087 3.20672391636575 3.20743355970945 3.20808053703588 3.20866987782016 3.2092063130548 3.20969426563257 3.21013784999239 3.21054087663893 3.21090685905795 3.21123899643786 3.21154015180334 3.21181292009467 3.212059632264 3.2122823782101 3.2124830049148 3.21266314792685 3.21282426612749 3.21296770512183 3.21309477088266 3.21320562067653 3.21330275922433 3.21338880311336 3.21346356069263
3.15735537380768 3.15762513480159 3.15805667906206 3.15865265530235 3.15941689225294 3.16035358152937 3.16146665928982 3.16276132619015 3.16434720217854 3.16613602851274 3.16809916077942 3.17020769215067 3.17243040354867 3.17473437325867 3.17708607571623 3.17945138200169 3.18179843816152 3.18409918854936 3.18632999939332 3.18847215834803 3.19051156992973 3.19243888206407 3.19424872583078 3.19593927972344 3.19751155229103 3.19896868836632 3.20031529852438 3.20155689222923 3.20269942919088 3.20374903651223 3.20471183023085 3.20559378800772 3.20640062844036 3.20713784174787 3.20781058090896 3.20842384648131 3.20898238505682 3.20949067129371 3.20995289546993 3.21037296118832 3.21075448572861 3.21110080727413 3.21141495792452 3.21169965822081 3.21195737236948 3.21219030609622 3.21240043783978 3.21258950390651 3.21275902379516 3.21291036307979 3.21304482520151 3.2131637472251 3.2132677721887 3.21335987423112 3.21344254913335 3.2135206436014
3.15745630811928 3.15775707256447 3.15824194343118 3.15891139430999 3.15976618588455 3.16080875106735 3.16204167505048 3.16346762733302 3.16520175270903 3.1671384008175 3.16924353132605 3.1714829421659 3.17382039331391 3.17621862944723 3.17864090362587 3.18105099941311 3.18341668229714 3.18571092500102 3.1879123352021 3.19000544660994 3.19197994839652 3.19383057033152 3.19555595046994 3.19715796202324 3.19864080594155 3.20001020034637 3.20127264326849 3.20243483485992 3.20350330353853 3.20448424739127 3.20538369036707 3.20620737806126 3.20696068497926 3.20764876745654 3.20827643358114 3.20884837570392 3.20936905033919 3.20984266077588 3.2102731450165 3.2106641737194 3.21101914875408 3.2113412100118 3.21163320403456 3.2118976865622 3.21213696939101 3.21235311493341 3.21254796915548 3.21272313395099 3.21287998513497 3.21301973751687 3.21314270683189 3.2132512568013 3.21334737679378 3.21343384668314 3.21351444708622 3.21359656732115
3.15700716972505 3.15732803426342 3.15787569637246 3.15862540332836 3.15957646331922 3.16073318270375 3.16210071458648 3.16368517148745 3.16559345770094 3.16771440421024 3.17000815048624 3.17243308650603 3.17494497029538 3.17749948684529 3.18005353096351 3.18256625290258 3.18500261155821 3.18733570886873 3.18954573590457 3.19162020855073 3.1935529410824 3.19534341502709 3.19699520930902 3.19851487810555 3.19991079078426 3.20119218902762 3.20236832390981 3.20344767922659 3.20443720617759 3.20534345663475 3.20617264777117 3.20693059275898 3.20762264371705 3.20825385088589 3.20882888721139 3.20935226179308 3.20982822394351 3.21026075642752 3.21065357199043 3.21101011721878 3.21133357490781 3.21162687267346 3.21189265998934 3.21213331382151 3.21235098098547 3.21254757430533 3.21272479869324 3.21288412037328 3.2130267620125 3.21315267832112 3.21326292376654 3.21335980240922 3.21344561000934 3.21352340483795 3.21359766509818 3.21367674409814
3.15439080354403 3.15459682254486 3.15496744516741 3.1555300336808 3.1563087184585 3.15732083041486 3.15857449234416 3.160193936466 3.16213577375646 3.1643723621353 3.16686565213848 3.16956660208898 3.17241693817083 3.17535044297251 3.17830390205651 3.18121401766824 3.18403152911269 3.1867157988933 3.18923669050373 3.19157529475936 3.19372337810685 3.19568173173607 3.19745784237087 3.19906366649547 3.20051397832759 3.20182526239869 3.20301489298401 3.20409319310516 3.20507007533605 3.20595488061649 3.20675629364335 3.20748225907357 3.20813991290367 3.20873567267348 3.20927535493306 3.20976423550839 3.21020709721914 3.21060827283676 3.21097168655163 3.2113008927155 3.21159911113164 3.21186925860876 3.21211397743694 3.21233566119365 3.21253647814442 3.21271839245406 3.21288318340285 3.21303246279042 3.21316769070022 3.21329018977998 3.21339269607766 3.21347993667339 3.21355357867216 3.21361476550471 3.21366446474642 3.21370365530047
3.15482346895402 3.1551248536644 3.15564585606796 3.15639931968996 3.15740236001905 3.1586676716256 3.16020592606219 3.16214246799895 3.16439206049792 3.16690999978666 3.16964345203577 3.17253117638473 3.17550617520959 3.17849842582047 3.18144472217892 3.18428703565627 3.18698504418596 3.18950825012999 3.19183898425434 3.1939705462309 3.19590599505085 3.1976555628859 3.19923375400639 3.2006570925244 3.20194271654485 3.20310747803896 3.20416688537307 3.20512973806723 3.20600469624096 3.20679864934436 3.20751875032124 3.20817172678021 3.20876370344979 3.20930025685466 3.20978648961551 3.21022706699731 3.210626244819 3.21098789386504 3.2113155297302 3.21161234309329 3.21188122844225 3.21212481045581 3.21234546837812 3.21254535847712 3.21272638874065 3.21289027472553 3.21303853897049 3.21317249424814 3.21329316718062 3.21339801218996 3.21348579081223 3.21355979348847 3.21362121398644 3.21367096679995 3.21370994231478 3.21373918295055
3.15536848916758 3.15578509942005 3.15647655846905 3.15745035370501 3.15871773640079 3.16028581610389 3.16215744708604 3.16448752990175 3.16710884752481 3.16999396390634 3.17305366931309 3.17620734626888 3.17937425301905 3.18247578625874 3.18544624768511 3.18823123477537 3.19079897307382 3.19313158982634 3.1952261243311 3.197091917991 3.19874847595856 3.20021957533402 3.20153062941159 3.20270503631778 3.20376382907505 3.20472539986279 3.20560494108417 3.20640983802453 3.20714649215251 3.20781960930629 3.2084341631236 3.20899481477749 3.20950581983773 3.20997038069667 3.21039221469141 3.21077496654375 3.21112208386443 3.21143677194423 3.21172198545849 3.21198043820967 3.2122146129656 3.21242677163276 3.21261896845933 3.21279304914804 3.21295062768694 3.21309313818854 3.21322181834929 3.21333766638839 3.21344130907043 3.21353057294106 3.21360319483803 3.21366325965076 3.21371164883221 3.21375047794655 3.21377926195311 3.21379897483712
3.15592423835068 3.15647391149295 3.15735807075041 3.1585849973843 3.16016291105392 3.16209386115464 3.16437142866974 3.16718849183591 3.17030231904292 3.17366459432844 3.17715327420129 3.18066176403832 3.18409030671406 3.18727715271816 3.19021714152014 3.19286460548569 3.19520016182161 3.19722399525801 3.19895569822133 3.20043072496683 3.20169470056824 3.20279205329786 3.2037615211738 3.20463228167913 3.20542655021567 3.20617530525013 3.20691076872272 3.20759523563021 3.20822874995245 3.2088124628072 3.2093484153884 3.20983864418457 3.21028518972177 3.21068963693761 3.21105489159742 3.21138428405187 3.21168119976603 3.21194886183566 3.21218696654839 3.21240214033362 3.21259687275314 3.21277317536365 3.21293280624509 3.213077305756 3.21320799010091 3.21332601912312 3.21343235636728 3.21352774560615 3.21361261521266 3.21368519397822 3.21374363004477 3.21379112068796 3.21382818635598 3.21385631652568 3.21387471995548 3.21388415433327
3.1562646622517 3.15694901171468 3.15805068141079 3.15957704563426 3.16153439340037 3.16392285182597 3.16672899263755 3.17018027794213 3.17395042124845 3.17795536546305 3.18202570998502 3.18593160110933 3.18962331242721 3.19293426670336 3.19584813372529 3.19832556773631 3.2003643973353 3.20199097656356 3.2032577211598 3.2042387986833 3.2050194165115 3.20567230890085 3.20624635579451 3.20677242531784 3.20732324516637 3.2078644230615 3.20842115272984 3.20895145878485 3.20945102204482 3.20991761521334 3.21035040454117 3.21074872014737 3.2111124153385 3.21144150152312 3.21174184999314 3.2120125313091 3.21225617123226 3.21247536716269 3.21266739131847 3.21284006086717 3.21299759763619 3.2131378407428 3.21326387386185 3.21337718209432 3.21347905070612 3.21357062148737 3.21365279209376 3.21372532801937 3.21379063190742 3.21384564430297 3.2138904051488 3.21392632227822 3.21395323696765 3.2139719666982 3.21398141535998 3.21398031611964
3.15564257707179 3.15643000395879 3.15776688652261 3.15962933701192 3.16203622978987 3.16500300665871 3.16852722040481 3.17282460628266 3.17739351819473 3.18219097189773 3.18696765838672 3.19146098511866 3.19557288648678 3.19912779737011 3.2020879918337 3.20442401059825 3.20615730306615 3.20734448527076 3.20807284403243 3.20846837461746 3.20869919239258 3.20895758072135 3.20919459315047 3.20942962869893 3.20972079759234 3.21002871396643 3.21037142372419 3.21071012775026 3.21103823929107 3.21135130799517 3.21164638429539 3.21192062544851 3.21217200395337 3.21239939221738 3.2126065416622 3.21279304525626 3.21296078838964 3.2131115574998 3.21324378379493 3.21336257358482 3.21347063731533 3.21356653475126 3.21365229750037 3.2137290313508 3.21379774257468 3.21385931743325 3.21391439324271 3.21396286458126 3.21400632838949 3.21404290579592 3.2140726886245 3.21409632602169 3.21411339746261 3.21412402585433 3.21412550200906 3.21411056442299
3.15083872425998 3.15131627065538 3.15226852745295 3.15384988038343 3.15619682310078 3.15941000864201 3.16373846082354 3.1691650399555 3.17591778331969 3.18238749505512 3.18877426783258 3.1948600174958 3.20038084050029 3.20510116421361 3.20887309431863 3.21167951433795 3.21357249502195 3.21462506205601 3.21489883826135 3.21444922905826 3.21442624128145 3.21445120294476 3.21447065608704 3.21447474859061 3.21446949323499 3.21446851607884 3.21446877435476 3.21446909135538 3.21446916530748 3.21446910423463 3.21446908352794 3.21446908515786 3.21446908991965 3.21446909129267 3.21446909061454 3.21446909025093 3.21446909023878 3.21446909030567 3.21446909033025 3.21446909032349 3.21446909031769 3.21446909031696 3.21446909031784 3.21446909031826 3.21446909031821 3.21446909031812 3.2144690903181 3.21446909031812 3.21446909031812 3.21446909031812 3.21446909031812 3.21446909031812 3.21446909031812 3.21446909031812 3.21446909031812 3.21446909031812
3.15180215432291 3.1526036033609 3.15407164487949 3.15633537697898 3.15949979664728 3.16363205843621 3.16894760933817 3.17528606819499 3.18259155674028 3.18977929874912 3.19686562087658 3.20311027837979 3.20848319868021 3.21275395177287 3.21580467717554 3.21768914073654 3.21854802999595 3.21855464808861 3.21788451666973 3.21676097073596 3.21591905473391 3.21512599547232 3.21486059882874 3.21470644487721 3.21460732913138 3.21454851367336 3.21451384300252 3.21449507893303 3.21448419935745 3.21447779581131 3.21447409630603 3.21447197070114 3.21447075418748 3.21447005118246 3.21446964413255 3.21446940942128 3.21446927428051 3.21446919644207 3.21446915153185 3.21446912561241 3.21446911066639 3.21446910205121 3.2144690970845 3.21446909422015 3.21446909256814 3.21446909161552 3.21446909106624 3.21446909074953 3.21446909056689 3.21446909046157 3.21446909040084 3.21446909036625 3.21446909034637 3.21446909033496 3.21446909032852 -9999
3.15280608737601 -9999 3.15589058489085 3.15839007636707 3.1623438985657 3.1674970727771 3.17404689475 3.18156108806762 3.19010266384483 3.19855110265383 3.20638581962009 3.21350253452193 3.21946969058406 3.22399256610086 3.22701735531529 3.2282405212887 3.22827661180573 3.22737648324625 3.22573687281895 3.22357969609211 3.22152764662715 3.21982631713453 3.21835386052853 3.2170842891603 3.21601201794467 3.21512649617728 3.21483252830174 3.21467624966719 3.21458591052324 3.21453313339372 3.21450335992041 3.21448801575068 3.21447961790154 3.21447494234148 3.21447233544681 3.21447089105818 3.21447009499427 3.21446965240493 3.21446940526556 3.2144692670308 3.21446918965374 3.21446914627924 3.21446912190064 3.21446910816972 3.2144691004232 3.2144690960465 3.21446909356996 3.21446909216646 3.21446909136995 3.21446909091736 3.2144690906623 3.21446909051856 3.21446909043692 3.214469090391 3.21446909036699 3.21446909035815
3.1538174538225 3.1551197729606 3.15703224379377 3.15988605354028 3.16482657083405 3.17128751342644 3.17944264325597 3.18838296867876 3.19836612796575 3.20820785414957 3.2172400365286 3.22529420612365 3.23175478103901 3.23607861532878 3.23817265135521 3.23813618259549 3.23692190909952 3.23482151617717 3.23225818799855 -9999 -9999 -9999 -9999 -9999 -9999 -9999 -9999 -9999 -9999 -9999 -9999 3.21449042156004 3.21448260951493 3.21447745122542 3.21447423553685 3.21447227770827 3.21447109574657 3.21447028677006 3.21446979614317 3.2144695044507 3.21446933246525 3.21446923137664 3.21446917195966 3.2144691374161 3.21446911742936 3.21446910589843 3.21446909925888 3.21446909544214 3.21446909325246 3.214469091998 3.21446909128574 3.21446909088495 3.21446909065637 3.2144690905266 3.21446909045393 3.21446909041664
3.15396100658911 3.15499899339377 3.15621752107983 3.15970503043286 3.16600712480382 3.17431080265542 3.18478630062983 3.19643935817919 3.20929005561964 3.22200593623922 3.2336859418682 3.24404533469039 3.25234448942328 3.25715875539199 3.25679796176864 3.25507930166364 3.25247478350587 -9999 -9999 -9999 -9999 -9999 -9999 -9999 -9999 -9999 -9999 -9999 -9999 -9999 -9999 -9999 -9999 -9999 -9999 -9999 -9999 -9999 -9999 -9999 3.21446935010314 3.21446925956847 3.21446919760946 3.21446915784118 -9999 -9999 3.21446910350421 -9999 -9999 -9999 -9999 -9999 -9999 -9999 3.21446909046963 -9999
-9999 -9999 3.14520929522317 3.14684104072572 3.15320864874684 3.16353343095307 3.17697180268987 3.19399696742631 3.21352515462721 3.23398930662833 3.25397733945662 3.27219812171067 3.28836070214415 3.3014778698447 -9999 -9999 -9999 -9999 -9999 -9999 -9999 -9999 -9999 -9999 -9999 -9999 -9999 -9999 -9999 -9999 -9999 -9999 -9999 -9999 -9999 -9999 -9999 -9999 -9999 -9999 -9999 -9999 -9999 -9999 -9999 -9999 -9999 -9999 -9999 -9999 -9999 -9999 -9999 -9999 -9999 -9999
-9999 -9999 -9999 -9999 -9999 3.17956269456525 3.1929528389102 3.21017612719871 3.22945966970952 3.24899264579681 3.26755275264095 3.28396022964224 3.29811557845145 3.3094767578327 3.32101732640517 3.33142485207258 -9999 -9999 -9999 -9999 -9999 -9999 -9999 -9999 -9999 -9999 -9999 -9999 -9999 -9999 -9999 -9999 -9999 -9999 -9999 -9999 -9999 -9999 -9999 -9999 -9999 -9999 -9999 -9999 -9999 -9999 -9999 -9999 -9999 -9999 -9999 -9999 -9999 -9999 -9999 -9999
-9999 -9999 -9999 -9999 -9999 -9999 -9999 -9999 -9999 3.27485441376209 3.28915137388484 3.30191603018084 3.31303342410883 3.32222726096979 3.33083753624235 -9999 3.34740421142159 3.35258712326417 3.35628398753466 3.35829419432224 -9999 -9999 -9999 -9999 -9999 -9999 -9999 -9999 -9999 -9999 -9999 -9999 -9999 -9999 -9999 -9999 -9999 -9999 -9999 -9999 -9999 -9999 -9999 -9999 -9999 -9999 -9999 -9999 -9999 -9999 -9999 -9999 -9999 -9999 -9999 -9999
-9999 -9999 -9999 -9999 -9999 -9999 -9999 -9999 -9999 3.30666503347953 3.31443332842623 3.32281956852777 -9999 -9999 -9999 -9999 -9999 -9999 -9999 -9999 -9999 -9999 -9999 -9999 -9999 -9999 -9999 -9999 -9999 -9999 -9999 -9999 -9999 -9999 -9999 -9999 -9999 -9999 -9999 -9999 -9999 -9999 -9999 -9999 -9999 -9999 -9999 -9999 -9999 -9999 -9999 -9999 -9999 -9999 -9999 -9999
3.09107526685353 3.10218063270317 3.13220583468376 3.15980052753926 3.19046028480082 3.21845075110584 -9999 -9999 3.37230050073722 3.37230050073722 3.37230050073722 3.37230050073722 3.37230050073722 3.37230050073722 3.37230050073722 3.37230050073722 3.37230050073722 3.37230050073722 -9999 -9999 -9999 -9999 -9999 -9999 -9999 -9999 -9999 -9999 -9999 -9999 -9999 -9999 -9999 -9999 -9999 -9999 -9999 -9999 -9999 -9999 -9999 -9999 -9999 -9999 -9999 -9999 -9999 -9999 -9999 -9999 -9999 -9999 -9999 -9999 -9999 -9999
3.10123364330042 3.11927561000523 3.15091951373962 3.18657537462507 3.21421042754647 3.24458214276647 3.27020870013947 3.29277129158665 -9999 -9999 3.34873052325726 3.36575328477057 3.36906940714329 3.37041042904717 3.37143576520389 3.37186118060207 3.37206409382201 -9999 3.37220755952245 -9999 -9999 -9999 -9999 -9999 -9999 -9999 -9999 -9999 -9999 -9999 -9999 -9999 -9999 -9999 -9999 -9999 -9999 -9999 -9999 -9999 -9999 -9999 -9999 -9999 -9999 -9999 -9999 -9999 -9999 -9999 -9999 -9999 -9999 -9999 -9999 -9999
3.11173495247708 3.12920604464069 3.15659371498002 3.21553853016737 3.26595350004255 3.30904691951225 3.29971100340302 3.27639233974478 3.26504807693996 3.27443226631572 3.3021606368537 3.3343689828575 3.35628381129022 3.36412319894318 3.36827732427159 -9999 -9999 -9999 -9999 -9999 -9999 -9999 -9999 -9999 -9999 -9999 -9999 -9999 -9999 -9999 -9999 -9999 -9999 -9999 -9999 -9999 -9999 -9999 -9999 -9999 -9999 -9999 -9999 -9999 -9999 -9999 -9999 -9999 -9999 -9999 -9999 -9999 -9999 -9999 -9999 -9999
3.10797255239955 3.1199001881538 2.94 3.3002564055738 3.3197435944262 3.68 3.32615866925909 3.21001497472481 3.2014230902217 3.22071315051761 3.2498763700685 3.2922894035927 3.32645654624616 3.35033062123508 -9999 -9999 -9999 -9999 -9999 -9999 -9999 -9999 -9999 -9999 -9999 -9999 -9999 -9999 -9999 -9999 5.40126851699308 -9999 -9999 -9999 -9999 -9999 -9999 -9999 -9999 -9999 -9999 -9999 -9999 -9999 -9999 -9999 -9999 -9999 -9999 -9999 -9999 -9999 -9999 -9999 -9999 -9999
3.0904386001364 2.94 3.26672364568307 3.20692750764514 3.54754449109783 3.38835677672813 3.61299466991267 2.4 3.06658132104713 3.10990622291906 3.16335147359552 3.21997461065194 3.27172709047419 3.31702245166125 3.33209648494828 -9999 -9999 -9999 -9999 -9999 -9999 -9999 -9999 -9999 -9999 -9999 -9999 -9999 5.24169111652273 -9999 -9999 -9999 5.07912503162716 -9999 -9999 -9999 -9999 -9999 -9999 -9999 -9999 -9999 -9999 -9999 -9999 -9999 -9999 -9999 -9999 -9999 -9999 -9999 -9999 -9999 -9999 -9999
