processes/IDW.asc
NCOLS 360 
NROWS 156 
XLLCORNER -180 
YLLCORNER -71 
CELLSIZE 1 
NODATA_value -9999 
[rows 75 to 99 of 156, columns 224 to 279 of 360]
-9999 -9999 -9999 -9999 -9999 -9999 -9999 26.5 26.5 26.5 26.5554592422461 26.5876665663606 26.6837870026646 26.8277215884773 27 27 27 27.8 27.8 27.6333333333333 27.6454915028125 27.8849933584569 28.0333333333333 28.3703870964191 28.8315186580836 28.8300457815792 28.9527864045 28.9182743997632 28.861803398875 28.861803398875 28.8 28.8 -9999 -9999 -9999 27.4861326455151 -9999 27.6664599301905 27.6350889359327 27.5942809041582 27.6662303942507 27.683997963293 27.6207106781187 27.5944271909999 27.7949031468144 27.9539406643617 28.1762772513752 28.4417438212136 28.9 28.9 28.9 28.9 28.9 28.6356209206946 -9999 28.1890217940796
-9999 -9999 -9999 -9999 -9999 -9999 27.6877916556868 27.522193963245 27.3733607613584 27.1513798947471 26.9570660212648 26.8473014525318 26.8082474784405 26.8588369296646 26.9918353914664 27.1703159833156 27.4083106755045 27.8 27.8 27.8 27.8 27.94 28.1357216193128 28.76 29 29.0285714285714 29 28.9497667162535 28.9 28.885410196625 28.8 28.8277470651772 28.7739712986696 -9999 27.9545462499533 27.7072186736066 -9999 27.7330341869418 27.7628398681052 27.78 27.7 27.6863162080816 27.7558481559888 27.7 28.0135088367468 28.2001966807124 28.4321538574937 28.9 28.9 28.9 28.9 28.9 28.9 28.9 -9999 -9999
-9999 -9999 -9999 -9999 -9999 -9999 28.4 28.4 28.4 27.6904397552845 27.4032999524941 27.1792756097365 27.0445551002989 27.0316580343216 27.1552357790879 27.3810863262784 27.6318239490809 27.8 27.8 27.8 27.8 28.1708203932499 28.4 28.8176364200001 29.0472135955 29.0522407749928 29.0472135955 29.004409105 28.914589803375 28.9 28.8840978001686 28.8348786343229 28.7253957506182 28.517761871142 28.1812959639638 27.9397992576139 -9999 -9999 27.8550995114224 28.1 27.8180837643025 27.8656854249492 27.8708203932499 27.7 28.38111609253 28.5402333392277 28.6569244850805 28.9 28.9 28.9 28.9 28.9 28.9 28.9 28.6984554431269 -9999
-9999 -9999 -9999 -9999 -9999 28.4 28.4 28.4 28.4 28.4 27.8215261506386 27.5481252952484 27.3572912956519 27.3252628455297 27.4552972627912 27.7194100511077 27.9953476447598 28.1314091725926 27.8 28.2970562748477 28.28 28.2970562748477 28.6472135955 29.1 29.0906163678644 29.1055728090001 29.0906163678644 29.1 29.0944271909999 28.9662263009593 28.898705727834 28.8159527891932 28.6824253096261 28.5293782041372 28.3156263235972 28.1302964318842 -9999 -9999 27.9666666666667 27.97639320225 27.9343145750508 27.9 28.2772868437273 29.1486832980505 29.1513167019495 29.2 28.8715874718212 28.9 28.9 28.9 28.9 28.9 28.9 28.9 28.7360478924093 28.5086964312291
-9999 -9999 -9999 -9999 -9999 28.4 28.4 28.4 28.4 28.4 28.4 27.8512334296835 27.6616010000403 27.663265224875 27.8492896678908 28.1540877072421 28.8 28.8 28.9055728090001 28.5029437251523 28.52 28.5029437251523 29.0970562748477 29.1225148226554 29.15 29.2 29.15 29.1225148226554 29.2 28.9542969575181 28.8628721160095 28.7754038826697 28.6634717774779 28.5496757309872 28.4104612271135 28.2826041033521 28.2033222482184 28.1 28.1 27.9450296453109 27.9291796067501 28.3218847050626 29.1441518440112 29.1472135955 29.1527864045 29.1558481559888 29.2 28.9709549301825 28.9 29.0242640687119 29.02 -9999 28.9 28.8919832535461 28.789182885087 28.6288474335323
-9999 -9999 -9999 -9999 28.4 28.4 28.4 28.4 28.4 28.4 28.4 28.0657052646791 27.9520515421977 28.0261524652908 28.2612731559348 28.8 28.8 28.8774851773446 28.9 28.9333333333333 29 29 29.0828427124746 29.1171572875254 29.2 29.2 29.2 29.2 29.2 28.8462459158502 28.7642207506574 28.7177662940792 28.6514656261544 28.5753543369563 28.490514535562 28.4107103682302 28.3678193402244 28.3553016159235 28.1 28.1 28.6 29.1414213562373 29.1387425886723 29.1414213562373 29.1585786437627 29.1612574113277 29.0535533905933 28.9947331922021 29.0111456180002 29.0757359312881 29.08 29.0757359312881 -9999 -9999 28.8373459283481 28.7349937237494
-9999 -9999 -9999 27.1 28.4 28.4 28.4 28.4 28.4 28.4 28.4 28.2253810088218 28.2149772434822 28.354389894462 28.8 28.8 28.8 28.85 28.8828427124746 28.938196601125 29 29 29 29.1029437251523 29.2 29.2 29.2 29.2 28.5 28.5 28.5 28.6574038875832 28.6573867734905 28.6354536906297 28.6011735089834 28.5714807933215 28.5745153599852 28.6303321364044 28.9 28.9 29.067257049925 29.1571428571429 29.1449408263264 29.1 29.2 29.044993009975 28.9899720955058 29.020406908919 29 29.0666666666667 29.2 29.2 29.2 -9999 -9999 28.7895504257154
-9999 -9999 27.1 27.1 27.1 28.4 28.4 28.4 28.4 28.4 28.3658694207396 28.3688093443443 28.442191599691 28.5885198730111 28.8486832980505 28.84 28.8240253073352 28.8 28.9251166418732 28.9758723736266 28.95 29 29 29 29.124994194037 29.124994194037 29.124994194037 28.5 28.5 28.5 28.5 28.5 28.7037042441734 28.7326555201199 28.7430721816643 28.7533644128041 28.7892202448444 28.9944271909999 28.985410196625 29.0447378164921 29.0630601937482 29.106748382126 29.1558481559888 29.1 29.0417911340735 28.976772729687 28.9358563620254 28.9262461983754 28.973459080339 29.07639320225 29.2 29.2 29.0837722339832 29.05 -9999 -9999
-9999 27.1 27.1 27.1 27.1 27.1 28.4 28.4 28.4 28.4018020346944 28.4318638289939 28.5092373581798 28.63768618846 28.9 28.8585786437627 28.8527864045 28.9234471477829 28.9189719596782 28.973459080339 29 29.0063816423039 29 29 29.0499883880741 29.0499883880741 29.0499883880741 28.8221757385861 28.7428300151823 28.5 28.5 28.685410196625 28.7562305898749 28.8 28.8931021657175 28.9517606173993 28.960091306526 29.0055728090001 29 29.0279222152237 29.0180339887499 29.06 29.1058626579572 29.0788126778877 29.0693544964841 28.9885383132704 28.9234043504105 28.8958870939 28.8 28.9046436642132 28.9365650590184 28.98 28.9621989092927 29.05 29.0162277660168 28.9 -9999
27.1 27.1 27.1 27.1 27.1 27.1 27.7203420649924 28.0433982396016 28.2367377188375 28.3741873951655 28.4781523025583 28.6201460773716 28.9 28.9 28.9 28.9356411919671 28.9558481559888 28.9980052211415 29.044761626908 29.0513554343659 29.114589803375 29.1 29.0499883880741 29.0499883880741 29.0499883880741 29.0499883880741 28.8737846257115 28.759669292842 28.6321364005427 28.5 28.685410196625 28.8 28.8437694101251 29.2888543819998 29.5 29.3 29.014589803375 29.0171572875254 29.0285714285714 28.9 29.0591371998816 29.2 29.0725663773406 29.0297712380589 28.9612809285244 28.8 29 28.8623615032631 28.8344513341122 28.8335786234767 28.8256583509747 28.8666666666667 28.875 28.9 28.9 -9999
27.1 27.1 27.1 27.1 27.1 27.1 27.581088710458 27.8873143920567 28.1252336261633 28.3195634691329 28.4829639713508 28.6616033632291 28.9 28.9 28.9 28.9 28.9651775210209 29.0454545454545 29.2 29.2 29.2 29.2 29.0499883880741 29.0499883880741 29.0499883880741 29.0499883880741 28.9178519875313 28.7677130554237 28.7601967296586 28.6880265018952 28.8 28.8581762288134 28.974295815595 29.1171572875254 29.3450296453109 29.3291796067501 29.1668294258222 29.038196601125 29.1 29.0365487995263 29.0682974498281 29.1047389657841 29.0572949016875 29.013102785677 28.9218552443251 28.8543888321427 28.8 28.8033686357835 28.765666065783 28.7411597884203 28.6863790666272 28.7243703391822 28.77639320225 28.9 -9999 28.78
27.1 27.1 27.1 27.1 27.1 27.2921884988126 27.5260349898457 27.7846495018508 28.0211136970806 28.2488148179772 28.4505334560356 28.6486205988354 28.9 28.9 28.9 28.9720759220056 29.0162277660168 29.0837722339832 29.1279240779944 29.2 29.2 29.2 29.0499883880741 29.0499883880741 29.0499883880741 29.0499883880741 28.9333255920494 28.785192117454 28.8059954401241 28.7836145375711 28.8277442040742 29.1 29.0634788078902 29.1358067974979 29.2323285680877 29.37639320225 29.3 29.140511959439 29.038196601125 29.0585786437627 29.0733002683322 29.0875967709681 29.1309016994375 29.1 28.9043590704556 28.8525342457997 28.8234909014701 28.7576550249161 28.7043692990858 28.606703306215 28.5 28.5753882025019 28.6289684406449 28.7580821420219 28.7837722339832 28.7416407864999
27.1 27.1 27.1 27.1 27.1841696310875 27.3127817926114 27.4968110074506 27.6794221398495 27.8482093277367 27.9911315790891 28.1444124298723 28.3130129881683 28.5078352028042 28.9 28.9 28.9 29.0324555320337 29.0675444679663 29.2 29.2 29.2 28.9768939051825 28.955781145782 29.0499883880741 29.0499883880741 28.9143938264818 28.8679269186033 28.8265643564129 28.764840525647 28.7656122828551 28.8003496894646 28.9528807701203 28.9640754482034 29.0292004373388 29.5 29.1125735612059 29.3343145750508 29.2708203932499 29.0225148226554 29.014589803375 29.0757165675968 29.1427050983125 29.0055728090001 28.9454915028125 28.8339303537934 28.7989817688405 28.7947252652471 28.6865039328066 28.5916138976065 28.7 28.5097667168863 28.5510958323589 28.5769894071803 28.5900106841296 28.7162277660168 28.6783611624891
27.1 27.1015205507353 27.1097328093959 27.1389835195031 27.2063408728727 27.317574534117 27.4364994361117 27.5140862458763 27.5438903787023 27.5142439929101 27.5185835753854 27.6296108054046 27.8533987480572 28.1872501383083 28.9 28.4618503175454 28.4381496824546 28.6 29.2 28.95 28.7 28.7 28.7 28.8740976117568 29.0499883880741 28.8669682160612 28.8407105570099 28.762151903694 28.7 28.7894688973492 28.8034555092784 28.7871014432655 28.6 28.8114788336333 28.9999992875137 28.9676609050545 29.0143284575731 29.3 29.1 29.1 28.4 28.760303038033 28.7462116561401 28.85 28.7545084971875 28.6 28.6595852092457 28.5778326635983 28.5026864340233 28.4981934940958 28.5 28.4405571877127 28.532317547477 28.5581769394139 28.5513167019495 28.6
27.1012384957323 27.1058298619845 27.1208804489886 27.1553338119645 27.2170494805052 27.2760769590068 27.2916858519699 27.2093338389219 27.0274740158005 26.7282365888328 26.4517171297026 26.4890692995195 26.8365828587276 27.5068966917865 28 28.2071252756426 28.2000178598267 28.2071252756426 28.35 28.7 28.7 28.7 28.7 28.7 28.8031557304154 28.7517877057833 28.7585874540975 28.7741587539405 28.8500479688253 28.7585297139256 28.6903193085861 28.6161026281892 28.6714055466704 28.6355981874516 28.6471911299465 28.777531667897 28.8856686924816 28.5499985750273 28.7 28.5416407864999 28.4 28.4 28.5812327357288 28.5972441606172 28.6472135955 28.6 28.4969803262349 28.5070718998264 28.4508573357862 28.3922404375251 28.392982036358 28.3 28.3835497268312 28.4220842749154 28.4425950360135 28.5
27.103491908398 27.1113615887306 27.1293240653622 27.1618110116925 27.207972843992 27.1861495828263 27.0540024757132 26.7591078522003 26.3143668182946 25.7419146178027 24.2 24.2 24.2 28 28.2207789336632 28.1937302417594 28.1666815498556 28.3025988670027 28.4546718059974 28.5494714795227 28.7 28.7 28.7 28.7 28.7 28.762151903694 28.7515876343367 28.7662489451378 28.7809515224038 28.6646295519077 28.5802031998662 28.4500798294472 28.3841311496613 28.5292978056672 28.3999971500547 28.5743399032225 28.5242623992526 28.5718834879906 28.5837722339832 28.55 28.5 28.3738796125036 28.3612574113277 28.3736951062895 28.3857866103948 28.2732594744183 28.260831687265 28.2412392659055 28.3397990848788 28.2666213326763 28.3575309938176 28.3288413676336 28.294608799765 28.3849901182297 28.3912340607927 28.3809256430169
27.1063541408757 27.1160945860053 27.133274185333 27.1561971781712 27.1733563864542 27.0404986612037 26.7242198159143 26.1940091328212 25.5102980420178 24.2 24.2 24.2 24.2 26.8183054938424 28.2360890581656 28.2071252756426 28 28.287642990236 28.4532091156425 28.5620347348146 28.7 28.7 28.7 28.7 28.7 28.7 28.7391931108876 28.7456316183654 28.6677680751329 28.5666370413195 28.4235028650879 28.3667450286062 28.2 28.3536460984834 28.3515203438932 28.4019946202259 28.5499985750274 28.607294021006 28.625 28.4977372182794 28.4171094373991 28.4 28.3313708498985 28.3027108687317 28.2554003784843 28.1995040249835 28.1884484641105 28.0507301787094 28.2882250415617 28.3599462167722 28.3457577757435 28.3169830141409 28.303197841048 28.2459338587855 28.3581138830084 28.3
27.1087746543107 27.1186012199368 27.1305400415351 27.1351522680043 27.1084270788813 26.8703883657732 26.4018222110146 25.6541921744962 24.2 24.2 24.2 24.2 24.2 26.6025114180322 27.2467848409378 28.2929193739241 28.5000446495667 28.3565421678662 28.458556107196 28.5403380579514 28.7 28.7 28.7 28.7 28.7 28.7 28.7 28.6437219530905 28.5993637439676 28.5256668632828 28.4188352947591 28.2705476601682 28.2308870835746 28.2765520521705 28.3544994380148 28.3959983026612 28.4703578400518 28.7 28.7 28.5111456180002 28.4081681724193 28.3604554555669 28.2962653540968 28.3 28.2154580463794 28.1260633688554 28.1659918799991 28.3029487873742 28.3802175641917 28.328884933613 28.1 28.364460260505 28.3216273636387 28.325713269344 28.3 28.3
27.1100915220421 27.1176774375205 27.119909648087 27.0993226491111 27.0203774133093 26.7238642905204 26.1856190973485 25.3805531269808 24.2 24.2 24.2 24.2 24.2 25.865948611306 27.0802930894589 28.3063144078073 28.3333630997111 28.3063144078073 28.4081311814064 28.7000098515287 28.7520610882472 28.7500581626736 28.8132423461863 28.8329193573316 28.8656854249492 28.7463525491562 28.6536294191001 28.6106106971406 28.512422817737 28.4731707961891 28.354574153323 28.3101463921295 28.31750324071 28.6 28.2391977275594 28.3906148295936 28.4542994055806 28.4403252247502 28.5454915028125 28.44 28.3559141069743 28.3314456692796 28.2762078554705 28.2322009882273 28.2 28.2460156810226 27.8 28.318998076329 28.4597877471537 28.4952681966645 28.6 28.4774041807563 28.4730758312724 28.3366403308547 28.3 28.3897677116797
27.1096456760619 27.112447617503 27.101768446119 27.0541258402558 26.9284502161113 26.6364294755251 26.1444239693576 25.4368696836185 24.2 24.2 24.2 24.2 24.2 24.2 26.4698389624027 28.2929193739241 28.30002678974 28.6464651038628 28.9563169652445 29.0359245517966 28.8573499287546 28.9022892066779 28.9234532578127 29.1 28.9009134131849 28.8670726280822 28.65625 28.6222999587791 28.5339588945773 28.3 28.420205245723 28.3008635525627 28.2154214189814 28.247458889618 28.1 28.1192068411681 28.4165087035915 28.3708203932499 28.45 28.3545084971875 28.2 28.2509316897452 28.2844708300145 28.2747280908406 28.3377206179719 28.3421507969561 28.3842972672806 28.515519004571 28.5500713577037 28.8 28.6137487776965 28.5384389597771 28.5029097984157 28.6 28.4245004392273 28.4131245583255
27.107018066487 27.1029572256756 27.0786938461479 27.0090366068219 26.8798704906105 26.6629423964047 26.339545701349 25.9355738449439 25.4249821467099 24.2 24.2 24.2 24.2 24.2 26.9058975789042 28.5000446495667 29.0147402933645 29.0922364595641 29.2084535297251 29.1525141539534 29.0730025106061 29.0015015859939 29.0242421432875 29.0026123802084 29.0031435283193 28.8937722724631 28.7763052444963 28.6334718737698 28.5868455020505 28.4753975313761 28.7 28.347763973293 27.5 28.1545744362217 28.1640468255226 28.0833404498528 28.1 28.3333333333333 28.4135254915624 28.3545084971875 28.2 28.2 28.3496273229794 28.3801101814967 28.4164341762957 28.4 28.5308982405616 28.9 28.5832992293609 28.600600462586 28.6289648038408 28.5585786437627 28.6641429826364 28.2 28.4562305898749 28.4485281374239
27.1022801863715 27.0909215236876 27.0565621148755 27.0016193261533 26.9263820154685 26.840946179495 26.7641511958184 26.7357776479368 26.7480989340045 26.3934514731654 24.2 24.2 24.2 26.0131359029319 27.3948675798672 29.5 29.4116963119775 29.269422863402 29.2634512004737 29.1602096164149 28.9 29.0526522162272 29.0284636301337 29.1 29.0039257171201 28.9333333333333 28.85 28.6618024205035 28.6129424997315 28.4975750525811 28.4898220272575 28.8 28.2901808412556 28.2224625747893 28.1771048410517 27.8514718625761 28.1 28.238752730553 28.2 28.2 28.2 28.2 28.4375226594069 28.4785788339902 28.5767316575213 28.7250506044127 28.4717974268257 28.5053576047267 28.5939503686533 28.6 28.5886460161738 28.6604477835184 28.6 28.2 28.2558481559888 28.2758164931127
27.0965940810293 27.0808038307377 27.0462527738991 27.0381603476097 27.0717814837678 -9999 27.4262480535405 27.7617949405228 29.3 29.3 29.3 27.0242404974778 26.6523265899175 26.970289422734 27.8725510192367 29.402633403899 29.4055728090001 29.3029033479783 29.5 29.1944995070422 29.1 29.0854741481526 29.0097425182645 29.0070445864245 28.988267511313 28.9475045989983 28.8272001624085 28.7050252531694 28.6063849324165 28.5 28.4636180095632 28.475872778 28.3853442279822 28.1369398062518 28.1091987524339 28.1 28.2 28.2 28.4 28.4052668077979 28.3309718002999 28.2 28.4625253022063 28.5815347685949 28.45864160004 28.4750673095329 28.4481024732538 28.407952868526 28.4168415237995 28.4949323027276 28.4605400271224 28.3514718625761 28.6 27.9888543819998 27.8432776750218 28.065609553769
27.0919197866395 27.0775972207736 27.0545119828328 27.1263903800291 -9999 -9999 28.2945179069332 29.3 29.3 29.3 29.3 29.3 27.9489439386543 27.8726867369943 28.3407439115203 29.397366596101 29.3944271909999 29.3198981776075 29.3 29.2062119568005 29.16433884236 29.1153506326072 28.9498704461811 29.0173399082274 28.9743409647498 28.957290769865 28.714400939647 28.675 28.6166666666667 28.6013974614045 28.6349983157801 28.4348077321899 28.3184045860845 28.1585701736363 28.1 28.1527864045 28.1171572875254 28.2629838450997 28.2955184500145 28.3656854249492 28.2171572875254 28.1787298063746 27.9928932188135 28.3195971234962 28.3723138384831 28.2646310503054 28.2850553877984 28.2796953657456 28 28.1651775210209 28.2832815729998 28.3088311754569 27.8 27.6233926239551 27.775154364526 27.6369893248874
27.0906529905202 27.0815294333465 27.0726276057555 27.2388491850059 -9999 -9999 29.3 29.3 29.3 29.3 29.3 29.3 29.3 28.5375554793759 28.7113463753573 29.3 29.3306287056639 29.3047905892437 29.2766378145724 29.2160966775701 29.1935027552237 29.1299953924376 29.0924584247774 29.0999342834931 29.0120561434859 28.8999352230906 28.85 28.6652475842499 28.5 28.5 28.7050252531694 28.7287088277406 28.5810723697728 28.1 28.1387425886723 28.1075049408851 28.2009281546101 28.240511959439 28.2888111294645 28.2586241149319 28.2272016994404 28.1634788078902 27.9155704950549 27.7388025250588 27.9618109378309 28.1465138423181 28 27.9218547999257 28.0107324201905 28.0247846668084 28.2485281374239 28 27.6052668077979 27.6111456180002 27.4740115370178 27.8
